1.283305790275335312e-02,-2.138843014836311340e-02,4.930000305175781250e-01
1.497190073132514954e-02,-2.138843014836311340e-02,4.930000305175781250e-01
1.714545115828514099e-02,-2.143181301653385162e-02,4.940000176429748535e-01
1.928863301873207092e-02,-2.143181301653385162e-02,4.940000176429748535e-01
2.147519960999488831e-02,-2.147519960999488831e-02,4.950000345706939697e-01
2.545787207782268524e-02,-2.121489308774471283e-02,4.890000224113464355e-01
2.757936157286167145e-02,-2.121489308774471283e-02,4.890000224113464355e-01
2.994380146265029907e-02,-2.138843014836311340e-02,4.930000305175781250e-01
8.520664647221565247e-03,-1.917149499058723450e-02,4.910000264644622803e-01
1.062913797795772552e-02,-1.913244836032390594e-02,4.900000095367431641e-01
1.275496557354927063e-02,-1.913244836032390594e-02,4.900000095367431641e-01
1.488079316914081573e-02,-1.913244836032390594e-02,4.900000095367431641e-01
1.704132929444313049e-02,-1.917149499058723450e-02,4.910000264644622803e-01
1.917149499058723450e-02,-1.917149499058723450e-02,4.910000264644622803e-01
2.134504541754722595e-02,-1.921053975820541382e-02,4.920000135898590088e-01
2.328865975141525269e-02,-1.905435882508754730e-02,4.880000352859497070e-01
2.530168928205966949e-02,-1.897626556456089020e-02,4.860000312328338623e-01
2.752296254038810730e-02,-1.905435882508754730e-02,4.880000352859497070e-01
2.976158633828163147e-02,-1.913244836032390594e-02,4.900000095367431641e-01
3.175726532936096191e-02,-1.905435882508754730e-02,4.880000352859497070e-01
3.373558446764945984e-02,-1.897626556456089020e-02,4.860000312328338623e-01
3.569655120372772217e-02,-1.889817416667938232e-02,4.840000271797180176e-01
3.779634833335876465e-02,-1.889817416667938232e-02,4.840000271797180176e-01
4.022586718201637268e-02,-1.905435882508754730e-02,4.880000352859497070e-01
4.251655191183090210e-03,-1.700662076473236084e-02,4.900000095367431641e-01
6.351452786475419998e-03,-1.693720743060112000e-02,4.880000352859497070e-01
8.468603715300559998e-03,-1.693720743060112000e-02,4.880000352859497070e-01
1.058575417846441269e-02,-1.693720743060112000e-02,4.880000352859497070e-01
1.270290557295084000e-02,-1.693720743060112000e-02,4.880000352859497070e-01
1.485042460262775421e-02,-1.697191409766674042e-02,4.890000224113464355e-01
1.697191409766674042e-02,-1.697191409766674042e-02,4.890000224113464355e-01
1.909340359270572662e-02,-1.697191409766674042e-02,4.890000224113464355e-01
2.117150835692882538e-02,-1.693720743060112000e-02,4.880000352859497070e-01
2.319321408867835999e-02,-1.686779223382472992e-02,4.860000312328338623e-01
2.519756555557250977e-02,-1.679837703704833984e-02,4.840000271797180176e-01
2.746656164526939392e-02,-1.690249890089035034e-02,4.870000183582305908e-01
2.951863594353199005e-02,-1.686779223382472992e-02,4.860000312328338623e-01
3.156203404068946838e-02,-1.683308370411396027e-02,4.850000143051147461e-01
3.359675407409667969e-02,-1.679837703704833984e-02,4.840000271797180176e-01
3.562279790639877319e-02,-1.676367036998271942e-02,4.830000102519989014e-01
3.771825507283210754e-02,-1.676367036998271942e-02,4.830000102519989014e-01
4.022586718201637268e-02,-1.693720743060112000e-02,4.880000352859497070e-01
0.000000000000000000e+00,-1.488079316914081573e-02,4.900000095367431641e-01
2.112812362611293793e-03,-1.478968653827905655e-02,4.870000183582305908e-01
4.216948058456182480e-03,-1.475931797176599503e-02,4.860000312328338623e-01
6.325422320514917374e-03,-1.475931797176599503e-02,4.860000312328338623e-01
8.433896116912364960e-03,-1.475931797176599503e-02,4.860000312328338623e-01
1.054237037897109985e-02,-1.475931797176599503e-02,4.860000312328338623e-01
1.267687417566776276e-02,-1.478968653827905655e-02,4.870000183582305908e-01
1.478968653827905655e-02,-1.478968653827905655e-02,4.870000183582305908e-01
1.693720743060112000e-02,-1.482005603611469269e-02,4.880000352859497070e-01
1.905435882508754730e-02,-1.482005603611469269e-02,4.880000352859497070e-01
2.112812362611293793e-02,-1.478968653827905655e-02,4.870000183582305908e-01
2.314549125730991364e-02,-1.472894847393035889e-02,4.850000143051147461e-01
2.519756555557250977e-02,-1.469857990741729736e-02,4.840000271797180176e-01
2.735376171767711639e-02,-1.472894847393035889e-02,4.850000143051147461e-01
2.945789694786071777e-02,-1.472894847393035889e-02,4.850000143051147461e-01
3.149695694446563721e-02,-1.469857990741729736e-02,4.840000271797180176e-01
3.359675407409667969e-02,-1.469857990741729736e-02,4.840000271797180176e-01
3.562279790639877319e-02,-1.466821040958166122e-02,4.830000102519989014e-01
3.764016553759574890e-02,-1.463784184306859970e-02,4.820000231266021729e-01
4.006100818514823914e-02,-1.475931797176599503e-02,4.860000312328338623e-01
-6.468589883297681808e-03,-1.293717976659536362e-02,4.970000088214874268e-01
-4.251655191183090210e-03,-1.275496557354927063e-02,4.900000095367431641e-01
-2.117150928825139999e-03,-1.270290557295084000e-02,4.880000352859497070e-01
0.000000000000000000e+00,-1.267687417566776276e-02,4.870000183582305908e-01
2.108474029228091240e-03,-1.265084464102983475e-02,4.860000312328338623e-01
4.208270926028490067e-03,-1.262481324374675751e-02,4.850000143051147461e-01
6.312406621873378754e-03,-1.262481324374675751e-02,4.850000143051147461e-01
8.416541852056980133e-03,-1.262481324374675751e-02,4.850000143051147461e-01
1.054237037897109985e-02,-1.265084464102983475e-02,4.860000312328338623e-01
1.265084464102983475e-02,-1.265084464102983475e-02,4.860000312328338623e-01
1.475931797176599503e-02,-1.265084464102983475e-02,4.860000312328338623e-01
1.690249890089035034e-02,-1.267687417566776276e-02,4.870000183582305908e-01
1.901531219482421875e-02,-1.267687417566776276e-02,4.870000183582305908e-01
2.112812362611293793e-02,-1.267687417566776276e-02,4.870000183582305908e-01
2.314549125730991364e-02,-1.262481324374675751e-02,4.850000143051147461e-01
2.514550462365150452e-02,-1.257275231182575226e-02,4.830000102519989014e-01
2.729736268520355225e-02,-1.259878277778625488e-02,4.840000271797180176e-01
2.945789694786071777e-02,-1.262481324374675751e-02,4.850000143051147461e-01
3.156203404068946838e-02,-1.262481324374675751e-02,4.850000143051147461e-01
3.359675407409667969e-02,-1.259878277778625488e-02,4.840000271797180176e-01
3.569655120372772217e-02,-1.259878277778625488e-02,4.840000271797180176e-01
3.771825507283210754e-02,-1.257275231182575226e-02,4.830000102519989014e-01
3.989614546298980713e-02,-1.259878277778625488e-02,4.840000271797180176e-01
-1.306733302772045135e-02,-1.088944450020790100e-02,5.020000338554382324e-01
-1.075929123908281326e-02,-1.075929123908281326e-02,4.960000216960906982e-01
-8.538017980754375458e-03,-1.067252270877361298e-02,4.920000135898590088e-01
-6.377482786774635315e-03,-1.062913797795772552e-02,4.900000095367431641e-01
-4.234301857650279999e-03,-1.058575417846441269e-02,4.880000352859497070e-01
-2.112812362611293793e-03,-1.056406181305646896e-02,4.870000183582305908e-01
0.000000000000000000e+00,-1.054237037897109985e-02,4.860000312328338623e-01
2.104135463014245033e-03,-1.052067801356315613e-02,4.850000143051147461e-01
4.208270926028490067e-03,-1.052067801356315613e-02,4.850000143051147461e-01
6.312406621873378754e-03,-1.052067801356315613e-02,4.850000143051147461e-01
8.416541852056980133e-03,-1.052067801356315613e-02,4.850000143051147461e-01
1.052067801356315613e-02,-1.052067801356315613e-02,4.850000143051147461e-01
1.262481324374675751e-02,-1.052067801356315613e-02,4.850000143051147461e-01
1.475931797176599503e-02,-1.054237037897109985e-02,4.860000312328338623e-01
1.686779223382472992e-02,-1.054237037897109985e-02,4.860000312328338623e-01
1.897626556456089020e-02,-1.054237037897109985e-02,4.860000312328338623e-01
2.112812362611293793e-02,-1.056406181305646896e-02,4.870000183582305908e-01
2.314549125730991364e-02,-1.052067801356315613e-02,4.850000143051147461e-01
2.519756555557250977e-02,-1.049898564815521240e-02,4.840000271797180176e-01
2.724096365272998810e-02,-1.047729328274726868e-02,4.830000102519989014e-01
2.951863594353199005e-02,-1.054237037897109985e-02,4.860000312328338623e-01
3.156203404068946838e-02,-1.052067801356315613e-02,4.850000143051147461e-01
3.366616740822792053e-02,-1.052067801356315613e-02,4.850000143051147461e-01
3.577030450105667114e-02,-1.052067801356315613e-02,4.850000143051147461e-01
3.795253112912178040e-02,-1.054237037897109985e-02,4.860000312328338623e-01
-1.749252527952194214e-02,-8.746262639760971069e-03,5.040000081062316895e-01
-1.518448255956172943e-02,-8.676847442984580994e-03,5.000000000000000000e-01
-1.293717976659536362e-02,-8.624786511063575745e-03,4.970000088214874268e-01
-1.069421507418155670e-02,-8.555372245609760284e-03,4.930000305175781250e-01
-8.503310382366180420e-03,-8.503310382366180420e-03,4.900000095367431641e-01
-6.364468019455671310e-03,-8.485957048833370209e-03,4.890000224113464355e-01
-4.225624725222587585e-03,-8.451249450445175171e-03,4.870000183582305908e-01
-2.108474029228091240e-03,-8.433896116912364960e-03,4.860000312328338623e-01
0.000000000000000000e+00,-8.416541852056980133e-03,4.850000143051147461e-01
2.104135463014245033e-03,-8.416541852056980133e-03,4.850000143051147461e-01
4.199594259262084961e-03,-8.399188518524169922e-03,4.840000271797180176e-01
6.299391388893127441e-03,-8.399188518524169922e-03,4.840000271797180176e-01
8.399188518524169922e-03,-8.399188518524169922e-03,4.840000271797180176e-01
1.049898564815521240e-02,-8.399188518524169922e-03,4.840000271797180176e-01
1.262481324374675751e-02,-8.416541852056980133e-03,4.850000143051147461e-01
1.472894847393035889e-02,-8.416541852056980133e-03,4.850000143051147461e-01
1.686779223382472992e-02,-8.433896116912364960e-03,4.860000312328338623e-01
1.897626556456089020e-02,-8.433896116912364960e-03,4.860000312328338623e-01
2.108474075794219971e-02,-8.433896116912364960e-03,4.860000312328338623e-01
2.319321408867835999e-02,-8.433896116912364960e-03,4.860000312328338623e-01
2.524962648749351501e-02,-8.416541852056980133e-03,4.850000143051147461e-01
2.729736268520355225e-02,-8.399188518524169922e-03,4.840000271797180176e-01
2.945789694786071777e-02,-8.416541852056980133e-03,4.850000143051147461e-01
3.169218450784683228e-02,-8.451249450445175171e-03,4.870000183582305908e-01
3.387441486120223999e-02,-8.468603715300559998e-03,4.880000352859497070e-01
3.650783747434616089e-02,-8.590079843997955322e-03,4.950000345706939697e-01
-2.429083362221717834e-02,-6.624773144721984863e-03,5.090000033378601074e-01
-2.195242606103420258e-02,-6.585727911442518234e-03,5.060000419616699219e-01
-1.967909000813961029e-02,-6.559696514159440994e-03,5.040000081062316895e-01
-1.742311008274555206e-02,-6.533666513860225677e-03,5.020000338554382324e-01
-1.515411399304866791e-02,-6.494620349258184433e-03,4.990000128746032715e-01
-1.291114930063486099e-02,-6.455574650317430496e-03,4.960000216960906982e-01
-1.067252270877361298e-02,-6.403513718396425247e-03,4.920000135898590088e-01
-8.503310382366180420e-03,-6.377482786774635315e-03,4.900000095367431641e-01
-6.351452786475419998e-03,-6.351452786475419998e-03,4.880000352859497070e-01
-4.225624725222587585e-03,-6.338437087833881378e-03,4.870000183582305908e-01
-2.108474029228091240e-03,-6.325422320514917374e-03,4.860000312328338623e-01
0.000000000000000000e+00,-6.312406621873378754e-03,4.850000143051147461e-01
2.099797129631042480e-03,-6.299391388893127441e-03,4.840000271797180176e-01
4.199594259262084961e-03,-6.299391388893127441e-03,4.840000271797180176e-01
6.299391388893127441e-03,-6.299391388893127441e-03,4.840000271797180176e-01
8.399188518524169922e-03,-6.299391388893127441e-03,4.840000271797180176e-01
1.049898564815521240e-02,-6.299391388893127441e-03,4.840000271797180176e-01
1.259878277778625488e-02,-6.299391388893127441e-03,4.840000271797180176e-01
1.472894847393035889e-02,-6.312406621873378754e-03,4.850000143051147461e-01
1.686779223382472992e-02,-6.325422320514917374e-03,4.860000312328338623e-01
1.897626556456089020e-02,-6.325422320514917374e-03,4.860000312328338623e-01
2.108474075794219971e-02,-6.325422320514917374e-03,4.860000312328338623e-01
2.324093692004680634e-02,-6.338437087833881378e-03,4.870000183582305908e-01
2.530168928205966949e-02,-6.325422320514917374e-03,4.860000312328338623e-01
2.735376171767711639e-02,-6.312406621873378754e-03,4.850000143051147461e-01
2.945789694786071777e-02,-6.312406621873378754e-03,4.850000143051147461e-01
3.169218450784683228e-02,-6.338437087833881378e-03,4.870000183582305908e-01
3.401324152946472168e-02,-6.377482786774635315e-03,4.900000095367431641e-01
3.643408417701721191e-02,-6.429544184356927872e-03,4.940000176429748535e-01
-3.416508808732032776e-02,-4.555345047265291214e-03,5.250000357627868652e-01
-3.121929615736007690e-02,-4.459899384528398514e-03,5.139999985694885254e-01
-2.870734967291355133e-02,-4.416515585035085678e-03,5.090000033378601074e-01
-2.644703164696693420e-02,-4.407838452607393265e-03,5.080000162124633789e-01
-2.414766885340213776e-02,-4.390485119074583054e-03,5.060000419616699219e-01
-2.190903946757316589e-02,-4.381807986646890640e-03,5.049999952316284180e-01
-1.964004524052143097e-02,-4.364454653114080429e-03,5.030000209808349609e-01
-1.738840341567993164e-02,-4.347100853919982910e-03,5.010000467300415039e-01
-1.515411399304866791e-02,-4.329747054725885391e-03,4.990000128746032715e-01
-1.291114930063486099e-02,-4.303716588765382767e-03,4.960000216960906982e-01
-1.067252270877361298e-02,-4.269008990377187729e-03,4.920000135898590088e-01
-8.503310382366180420e-03,-4.251655191183090210e-03,4.900000095367431641e-01
-6.351452786475419998e-03,-4.234301857650279999e-03,4.880000352859497070e-01
-4.225624725222587585e-03,-4.225624725222587585e-03,4.870000183582305908e-01
-2.108474029228091240e-03,-4.216948058456182480e-03,4.860000312328338623e-01
0.000000000000000000e+00,-4.208270926028490067e-03,4.850000143051147461e-01
2.099797129631042480e-03,-4.199594259262084961e-03,4.840000271797180176e-01
4.199594259262084961e-03,-4.199594259262084961e-03,4.840000271797180176e-01
6.299391388893127441e-03,-4.199594259262084961e-03,4.840000271797180176e-01
8.399188518524169922e-03,-4.199594259262084961e-03,4.840000271797180176e-01
1.049898564815521240e-02,-4.199594259262084961e-03,4.840000271797180176e-01
1.259878277778625488e-02,-4.199594259262084961e-03,4.840000271797180176e-01
1.472894847393035889e-02,-4.208270926028490067e-03,4.850000143051147461e-01
1.686779223382472992e-02,-4.216948058456182480e-03,4.860000312328338623e-01
1.897626556456089020e-02,-4.216948058456182480e-03,4.860000312328338623e-01
2.112812362611293793e-02,-4.225624725222587585e-03,4.870000183582305908e-01
2.328865975141525269e-02,-4.234301857650279999e-03,4.880000352859497070e-01
2.540581114590167999e-02,-4.234301857650279999e-03,4.880000352859497070e-01
2.746656164526939392e-02,-4.225624725222587585e-03,4.870000183582305908e-01
2.957937307655811310e-02,-4.225624725222587585e-03,4.870000183582305908e-01
3.169218450784683228e-02,-4.225624725222587585e-03,4.870000183582305908e-01
3.394382819533348083e-02,-4.242978524416685104e-03,4.890000224113464355e-01
-4.115428775548934937e-02,-2.286349423229694366e-03,5.270000100135803223e-01
-3.820415958762168884e-02,-2.247303491458296776e-03,5.180000066757202148e-01
-3.554036840796470642e-02,-2.221273025497794151e-03,5.120000243186950684e-01
-3.318894281983375549e-02,-2.212596358731389046e-03,5.100000500679016113e-01
-3.085486963391304016e-02,-2.203919226303696632e-03,5.080000162124633789e-01
-2.865095064043998718e-02,-2.203919226303696632e-03,5.080000162124633789e-01
-2.639497071504592896e-02,-2.199580892920494080e-03,5.070000290870666504e-01
-2.414766885340213776e-02,-2.195242559537291527e-03,5.060000419616699219e-01
-2.186565659940242767e-02,-2.186565659940242767e-03,5.040000081062316895e-01
-1.964004524052143097e-02,-2.182227326557040215e-03,5.030000209808349609e-01
-1.738840341567993164e-02,-2.173550426959991455e-03,5.010000467300415039e-01
-1.515411399304866791e-02,-2.164873527362942696e-03,4.990000128746032715e-01
-1.291114930063486099e-02,-2.151858294382691383e-03,4.960000216960906982e-01
-1.067252270877361298e-02,-2.134504495188593864e-03,4.920000135898590088e-01
-8.503310382366180420e-03,-2.125827595591545105e-03,4.900000095367431641e-01
-6.351452786475419998e-03,-2.117150928825139999e-03,4.880000352859497070e-01
-4.225624725222587585e-03,-2.112812362611293793e-03,4.870000183582305908e-01
-2.108474029228091240e-03,-2.108474029228091240e-03,4.860000312328338623e-01
0.000000000000000000e+00,-2.104135463014245033e-03,4.850000143051147461e-01
2.099797129631042480e-03,-2.099797129631042480e-03,4.840000271797180176e-01
4.199594259262084961e-03,-2.099797129631042480e-03,4.840000271797180176e-01
6.299391388893127441e-03,-2.099797129631042480e-03,4.840000271797180176e-01
8.399188518524169922e-03,-2.099797129631042480e-03,4.840000271797180176e-01
1.049898564815521240e-02,-2.099797129631042480e-03,4.840000271797180176e-01
1.259878277778625488e-02,-2.099797129631042480e-03,4.840000271797180176e-01
1.472894847393035889e-02,-2.104135463014245033e-03,4.850000143051147461e-01
1.686779223382472992e-02,-2.108474029228091240e-03,4.860000312328338623e-01
1.901531219482421875e-02,-2.112812362611293793e-03,4.870000183582305908e-01
2.112812362611293793e-02,-2.112812362611293793e-03,4.870000183582305908e-01
2.328865975141525269e-02,-2.117150928825139999e-03,4.880000352859497070e-01
2.550993114709854126e-02,-2.125827595591545105e-03,4.900000095367431641e-01
2.774855867028236389e-02,-2.134504495188593864e-03,4.920000135898590088e-01
2.988306246697902679e-02,-2.134504495188593864e-03,4.920000135898590088e-01
-4.286362975835800171e-02,0.000000000000000000e+00,5.200000405311584473e-01
-4.006100445985794067e-02,0.000000000000000000e+00,5.130000114440917969e-01
-3.768789023160934448e-02,0.000000000000000000e+00,5.110000371932983398e-01
-3.533212468028068542e-02,0.000000000000000000e+00,5.090000033378601074e-01
-3.305878862738609314e-02,0.000000000000000000e+00,5.080000162124633789e-01
-3.085486963391304016e-02,0.000000000000000000e+00,5.080000162124633789e-01
-2.859455160796642303e-02,0.000000000000000000e+00,5.070000290870666504e-01
-2.634291164577007294e-02,0.000000000000000000e+00,5.060000419616699219e-01
-2.409994415938854218e-02,0.000000000000000000e+00,5.049999952316284180e-01
-2.186565659940242767e-02,0.000000000000000000e+00,5.040000081062316895e-01
-1.960100047290325165e-02,0.000000000000000000e+00,5.020000338554382324e-01
-1.738840341567993164e-02,0.000000000000000000e+00,5.010000467300415039e-01
-1.512374542653560638e-02,0.000000000000000000e+00,4.980000257492065430e-01
-1.291114930063486099e-02,0.000000000000000000e+00,4.960000216960906982e-01
-1.069421507418155670e-02,0.000000000000000000e+00,4.930000305175781250e-01
-8.503310382366180420e-03,0.000000000000000000e+00,4.900000095367431641e-01
-6.364468019455671310e-03,0.000000000000000000e+00,4.890000224113464355e-01
-4.225624725222587585e-03,0.000000000000000000e+00,4.870000183582305908e-01
-2.108474029228091240e-03,0.000000000000000000e+00,4.860000312328338623e-01
0.000000000000000000e+00,0.000000000000000000e+00,4.850000143051147461e-01
2.104135463014245033e-03,0.000000000000000000e+00,4.850000143051147461e-01
4.208270926028490067e-03,0.000000000000000000e+00,4.850000143051147461e-01
6.312406621873378754e-03,0.000000000000000000e+00,4.850000143051147461e-01
8.416541852056980133e-03,0.000000000000000000e+00,4.850000143051147461e-01
1.052067801356315613e-02,0.000000000000000000e+00,4.850000143051147461e-01
1.262481324374675751e-02,0.000000000000000000e+00,4.850000143051147461e-01
1.475931797176599503e-02,0.000000000000000000e+00,4.860000312328338623e-01
1.686779223382472992e-02,0.000000000000000000e+00,4.860000312328338623e-01
1.901531219482421875e-02,0.000000000000000000e+00,4.870000183582305908e-01
2.117150835692882538e-02,0.000000000000000000e+00,4.880000352859497070e-01
2.333638258278369904e-02,0.000000000000000000e+00,4.890000224113464355e-01
2.556199394166469574e-02,0.000000000000000000e+00,4.910000264644622803e-01
2.780495956540107727e-02,0.000000000000000000e+00,4.930000305175781250e-01
3.036896511912345886e-02,0.000000000000000000e+00,5.000000000000000000e-01
-4.477253556251525879e-02,2.238626824691891670e-03,5.160000324249267578e-01
-4.228661581873893738e-02,2.225611358880996704e-03,5.130000114440917969e-01
-3.998291492462158203e-02,2.221273025497794151e-03,5.120000243186950684e-01
-3.761413693428039551e-02,2.212596358731389046e-03,5.100000500679016113e-01
-3.533212468028068542e-02,2.208257792517542839e-03,5.090000033378601074e-01
-3.305878862738609314e-02,2.203919226303696632e-03,5.080000162124633789e-01
-3.079413250088691711e-02,2.199580892920494080e-03,5.070000290870666504e-01
-2.853815257549285889e-02,2.195242559537291527e-03,5.060000419616699219e-01
-2.634291164577007294e-02,2.195242559537291527e-03,5.060000419616699219e-01
-2.409994415938854218e-02,2.190903993323445320e-03,5.049999952316284180e-01
-2.182227186858654022e-02,2.182227326557040215e-03,5.030000209808349609e-01
-1.960100047290325165e-02,2.177888760343194008e-03,5.020000338554382324e-01
-1.738840341567993164e-02,2.173550426959991455e-03,5.010000467300415039e-01
-1.515411399304866791e-02,2.164873527362942696e-03,4.990000128746032715e-01
-1.291114930063486099e-02,2.151858294382691383e-03,4.960000216960906982e-01
-1.069421507418155670e-02,2.138843061402440071e-03,4.930000305175781250e-01
-8.520664647221565247e-03,2.130166161805391312e-03,4.910000264644622803e-01
-6.364468019455671310e-03,2.121489262208342552e-03,4.890000224113464355e-01
-4.234301857650279999e-03,2.117150928825139999e-03,4.880000352859497070e-01
-2.117150928825139999e-03,2.117150928825139999e-03,4.880000352859497070e-01
0.000000000000000000e+00,2.112812362611293793e-03,4.870000183582305908e-01
2.112812362611293793e-03,2.112812362611293793e-03,4.870000183582305908e-01
4.225624725222587585e-03,2.112812362611293793e-03,4.870000183582305908e-01
6.338437087833881378e-03,2.112812362611293793e-03,4.870000183582305908e-01
8.451249450445175171e-03,2.112812362611293793e-03,4.870000183582305908e-01
1.056406181305646896e-02,2.112812362611293793e-03,4.870000183582305908e-01
1.270290557295084000e-02,2.117150928825139999e-03,4.880000352859497070e-01
1.482005603611469269e-02,2.117150928825139999e-03,4.880000352859497070e-01
1.693720743060112000e-02,2.117150928825139999e-03,4.880000352859497070e-01
1.909340359270572662e-02,2.121489262208342552e-03,4.890000224113464355e-01
2.125827595591545105e-02,2.125827595591545105e-03,4.900000095367431641e-01
2.343182824552059174e-02,2.130166161805391312e-03,4.910000264644622803e-01
2.566611580550670624e-02,2.138843061402440071e-03,4.930000305175781250e-01
2.803055569529533386e-02,2.156196627765893936e-03,4.970000088214874268e-01
-4.710226878523826599e-02,4.485930316150188446e-03,5.170000195503234863e-01
-4.468576982617378235e-02,4.468576982617378235e-03,5.150000452995300293e-01
-4.228661581873893738e-02,4.451222717761993408e-03,5.130000114440917969e-01
-3.990482538938522339e-02,4.433869384229183197e-03,5.110000371932983398e-01
-3.761413693428039551e-02,4.425192717462778091e-03,5.100000500679016113e-01
-3.533212468028068542e-02,4.416515585035085678e-03,5.090000033378601074e-01
-3.305878862738609314e-02,4.407838452607393265e-03,5.080000162124633789e-01
-3.079413250088691711e-02,4.399161785840988159e-03,5.070000290870666504e-01
-2.853815257549285889e-02,4.390485119074583054e-03,5.060000419616699219e-01
-2.629084698855876923e-02,4.381807986646890640e-03,5.049999952316284180e-01
-2.405222132802009583e-02,4.373131319880485535e-03,5.040000081062316895e-01
-2.182227186858654022e-02,4.364454653114080429e-03,5.030000209808349609e-01
-1.960100047290325165e-02,4.355777520686388016e-03,5.020000338554382324e-01
-1.738840341567993164e-02,4.347100853919982910e-03,5.010000467300415039e-01
-1.515411399304866791e-02,4.329747054725885391e-03,4.990000128746032715e-01
-1.293717976659536362e-02,4.312393255531787872e-03,4.970000088214874268e-01
-1.071590650826692581e-02,4.286362789571285248e-03,4.940000176429748535e-01
-8.538017980754375458e-03,4.269008990377187729e-03,4.920000135898590088e-01
-6.390498485416173935e-03,4.260332323610782623e-03,4.910000264644622803e-01
-4.260332323610782623e-03,4.260332323610782623e-03,4.910000264644622803e-01
-2.130166161805391312e-03,4.260332323610782623e-03,4.910000264644622803e-01
0.000000000000000000e+00,4.260332323610782623e-03,4.910000264644622803e-01
2.130166161805391312e-03,4.260332323610782623e-03,4.910000264644622803e-01
4.269008990377187729e-03,4.269008990377187729e-03,4.920000135898590088e-01
6.416528951376676559e-03,4.277686122804880142e-03,4.930000305175781250e-01
8.555372245609760284e-03,4.277686122804880142e-03,4.930000305175781250e-01
1.071590650826692581e-02,4.286362789571285248e-03,4.940000176429748535e-01
1.288511883467435837e-02,4.295039921998977661e-03,4.950000345706939697e-01
1.503263879567384720e-02,4.295039921998977661e-03,4.950000345706939697e-01
1.721486635506153107e-02,4.303716588765382767e-03,4.960000216960906982e-01
1.940576918423175812e-02,4.312393255531787872e-03,4.970000088214874268e-01
2.169211767613887787e-02,4.338423721492290497e-03,5.000000000000000000e-01
-4.710226878523826599e-02,6.728895474225282669e-03,5.170000195503234863e-01
-4.468576982617378235e-02,6.702865008264780045e-03,5.150000452995300293e-01
-4.228661581873893738e-02,6.676834076642990112e-03,5.130000114440917969e-01
-3.990482538938522339e-02,6.650804076343774796e-03,5.110000371932983398e-01
-3.761413693428039551e-02,6.637788843363523483e-03,5.100000500679016113e-01
-3.526270762085914612e-02,6.611757911741733551e-03,5.080000162124633789e-01
-3.299371525645256042e-02,6.598742678761482239e-03,5.070000290870666504e-01
-3.073339536786079407e-02,6.585727911442518234e-03,5.060000419616699219e-01
-2.853815257549285889e-02,6.585727911442518234e-03,5.060000419616699219e-01
-2.629084698855876923e-02,6.572711747139692307e-03,5.049999952316284180e-01
-2.405222132802009583e-02,6.559696514159440994e-03,5.040000081062316895e-01
-2.182227186858654022e-02,6.546681746840476990e-03,5.030000209808349609e-01
-1.960100047290325165e-02,6.533666513860225677e-03,5.020000338554382324e-01
-1.738840341567993164e-02,6.520651280879974365e-03,5.010000467300415039e-01
-1.518448255956172943e-02,6.507635582238435745e-03,5.000000000000000000e-01
-1.296321023255586624e-02,6.481605116277933121e-03,4.980000257492065430e-01
-1.075929123908281326e-02,6.455574650317430496e-03,4.960000216960906982e-01
-8.590079843997955322e-03,6.442559417337179184e-03,4.950000345706939697e-01
-6.429544184356927872e-03,6.429544184356927872e-03,4.940000176429748535e-01
-4.295039921998977661e-03,6.442559417337179184e-03,4.950000345706939697e-01
-2.147519960999488831e-03,6.442559417337179184e-03,4.950000345706939697e-01
0.000000000000000000e+00,6.455574650317430496e-03,4.960000216960906982e-01
2.156196627765893936e-03,6.468589883297681808e-03,4.970000088214874268e-01
4.321070387959480286e-03,6.481605116277933121e-03,4.980000257492065430e-01
6.494620349258184433e-03,6.494620349258184433e-03,4.990000128746032715e-01
8.676847442984580994e-03,6.507635582238435745e-03,5.000000000000000000e-01
1.086775213479995728e-02,6.520651280879974365e-03,5.010000467300415039e-01
1.309336349368095398e-02,6.546681746840476990e-03,5.030000209808349609e-01
1.539706625044345856e-02,6.598742678761482239e-03,5.070000290870666504e-01
-4.459899663925170898e-02,8.919798769056797028e-03,5.139999985694885254e-01
-4.228661581873893738e-02,8.902445435523986816e-03,5.130000114440917969e-01
-3.990482538938522339e-02,8.867738768458366394e-03,5.110000371932983398e-01
-3.761413693428039551e-02,8.850385434925556183e-03,5.100000500679016113e-01
-3.526270762085914612e-02,8.815676905214786530e-03,5.080000162124633789e-01
-3.299371525645256042e-02,8.798323571681976318e-03,5.070000290870666504e-01
-3.073339536786079407e-02,8.780970238149166107e-03,5.060000419616699219e-01
-2.853815257549285889e-02,8.780970238149166107e-03,5.060000419616699219e-01
-2.629084698855876923e-02,8.763615973293781281e-03,5.049999952316284180e-01
-2.405222132802009583e-02,8.746262639760971069e-03,5.040000081062316895e-01
-2.186565659940242767e-02,8.746262639760971069e-03,5.040000081062316895e-01
-1.964004524052143097e-02,8.728909306228160858e-03,5.030000209808349609e-01
-1.742311008274555206e-02,8.711555041372776031e-03,5.020000338554382324e-01
-1.518448255956172943e-02,8.676847442984580994e-03,5.000000000000000000e-01
-1.298924069851636887e-02,8.659494109451770782e-03,4.990000128746032715e-01
-1.080267596989870071e-02,8.642140775918960571e-03,4.980000257492065430e-01
-8.642140775918960571e-03,8.642140775918960571e-03,4.980000257492065430e-01
-6.494620349258184433e-03,8.659494109451770782e-03,4.990000128746032715e-01
-4.338423721492290497e-03,8.676847442984580994e-03,5.000000000000000000e-01
-2.177888760343194008e-03,8.711555041372776031e-03,5.020000338554382324e-01
0.000000000000000000e+00,8.728909306228160858e-03,5.030000209808349609e-01
2.186565659940242767e-03,8.746262639760971069e-03,5.040000081062316895e-01
4.381807986646890640e-03,8.763615973293781281e-03,5.049999952316284180e-01
6.598742678761482239e-03,8.798323571681976318e-03,5.070000290870666504e-01
8.850385434925556183e-03,8.850385434925556183e-03,5.100000500679016113e-01
-4.459899663925170898e-02,1.114974915981292725e-02,5.139999985694885254e-01
-4.228661581873893738e-02,1.112805679440498352e-02,5.130000114440917969e-01
-3.990482538938522339e-02,1.108467299491167068e-02,5.110000371932983398e-01
-3.761413693428039551e-02,1.106298156082630157e-02,5.100000500679016113e-01
-3.526270762085914612e-02,1.101959683001041412e-02,5.080000162124633789e-01
-3.299371525645256042e-02,1.099790446460247040e-02,5.070000290870666504e-01
-3.073339536786079407e-02,1.097621303051710129e-02,5.060000419616699219e-01
-2.853815257549285889e-02,1.097621303051710129e-02,5.060000419616699219e-01
-2.629084698855876923e-02,1.095451973378658295e-02,5.049999952316284180e-01
-2.409994415938854218e-02,1.095451973378658295e-02,5.049999952316284180e-01
-2.186565659940242767e-02,1.093282829970121384e-02,5.040000081062316895e-01
-1.967909000813961029e-02,1.093282829970121384e-02,5.040000081062316895e-01
-1.745781861245632172e-02,1.091113593429327011e-02,5.030000209808349609e-01
-1.524522155523300171e-02,1.088944450020790100e-02,5.020000338554382324e-01
-1.306733302772045135e-02,1.088944450020790100e-02,5.020000338554382324e-01
-1.093282829970121384e-02,1.093282829970121384e-02,5.040000081062316895e-01
-8.763615973293781281e-03,1.095451973378658295e-02,5.049999952316284180e-01
-6.598742678761482239e-03,1.099790446460247040e-02,5.070000290870666504e-01
-4.407838452607393265e-03,1.101959683001041412e-02,5.080000162124633789e-01
-2.208257792517542839e-03,1.104128826409578323e-02,5.090000033378601074e-01
0.000000000000000000e+00,1.108467299491167068e-02,5.110000371932983398e-01
2.229949692264199257e-03,1.114974915981292725e-02,5.139999985694885254e-01
-4.468576982617378235e-02,1.340573001652956009e-02,5.150000452995300293e-01
-4.228661581873893738e-02,1.335366815328598022e-02,5.130000114440917969e-01
-3.990482538938522339e-02,1.330160815268754959e-02,5.110000371932983398e-01
-3.761413693428039551e-02,1.327557768672704697e-02,5.100000500679016113e-01
-3.533212468028068542e-02,1.324954628944396973e-02,5.090000033378601074e-01
-3.305878862738609314e-02,1.322351582348346710e-02,5.080000162124633789e-01
-3.079413250088691711e-02,1.319748535752296448e-02,5.070000290870666504e-01
-2.859455160796642303e-02,1.319748535752296448e-02,5.070000290870666504e-01
-2.639497071504592896e-02,1.319748535752296448e-02,5.070000290870666504e-01
-2.414766885340213776e-02,1.317145582288503647e-02,5.060000419616699219e-01
-2.195242606103420258e-02,1.317145582288503647e-02,5.060000419616699219e-01
-1.975718326866626740e-02,1.317145582288503647e-02,5.060000419616699219e-01
-1.759664714336395264e-02,1.319748535752296448e-02,5.070000290870666504e-01
-1.545780338346958160e-02,1.324954628944396973e-02,5.090000033378601074e-01
-1.327557768672704697e-02,1.327557768672704697e-02,5.100000500679016113e-01
-1.110636536031961441e-02,1.332763861864805222e-02,5.120000243186950684e-01
-8.902445435523986816e-03,1.335366815328598022e-02,5.130000114440917969e-01
-6.702865008264780045e-03,1.340573001652956009e-02,5.150000452995300293e-01
-4.485930316150188446e-03,1.345779094845056534e-02,5.170000195503234863e-01
-2.282010857015848160e-03,1.369206607341766357e-02,5.260000228881835938e-01
-4.468576982617378235e-02,1.564001850783824921e-02,5.150000452995300293e-01
-4.228661581873893738e-02,1.557927951216697693e-02,5.130000114440917969e-01
-3.998291492462158203e-02,1.554891094565391541e-02,5.120000243186950684e-01
-3.768789023160934448e-02,1.551854237914085388e-02,5.110000371932983398e-01
-3.547095507383346558e-02,1.551854237914085388e-02,5.110000371932983398e-01
-3.318894281983375549e-02,1.548817381262779236e-02,5.100000500679016113e-01
-3.097634762525558472e-02,1.548817381262779236e-02,5.100000500679016113e-01
-2.882015146315097809e-02,1.551854237914085388e-02,5.110000371932983398e-01
-2.660321630537509918e-02,1.551854237914085388e-02,5.110000371932983398e-01
-2.443400397896766663e-02,1.554891094565391541e-02,5.120000243186950684e-01
-2.225611358880996704e-02,1.557927951216697693e-02,5.130000114440917969e-01
-2.006954886019229889e-02,1.560964807868003845e-02,5.139999985694885254e-01
-1.787430793046951294e-02,1.564001850783824921e-02,5.150000452995300293e-01
-1.570075564086437225e-02,1.570075564086437225e-02,5.170000195503234863e-01
-1.348382141441106796e-02,1.573112420737743378e-02,5.180000066757202148e-01
-1.130159478634595871e-02,1.582223176956176758e-02,5.210000276565551758e-01
-9.110690094530582428e-03,1.594370789825916290e-02,5.250000357627868652e-01
-4.253390803933143616e-02,1.790901459753513336e-02,5.160000324249267578e-01
-4.029528051614761353e-02,1.790901459753513336e-02,5.160000324249267578e-01
-3.805665671825408936e-02,1.790901459753513336e-02,5.160000324249267578e-01
-3.567919507622718811e-02,1.783959753811359406e-02,5.139999985694885254e-01
-3.344924747943878174e-02,1.783959753811359406e-02,5.139999985694885254e-01
-3.128003701567649841e-02,1.787430793046951294e-02,5.150000452995300293e-01
-2.910214848816394806e-02,1.790901459753513336e-02,5.160000324249267578e-01
-2.691558189690113068e-02,1.794372126460075378e-02,5.170000195503234863e-01
-2.472033910453319550e-02,1.797842793166637421e-02,5.180000066757202148e-01
-2.251642197370529175e-02,1.801313646137714386e-02,5.190000534057617188e-01
-2.034286968410015106e-02,1.808255165815353394e-02,5.210000276565551758e-01
-1.815196499228477478e-02,1.815196499228477478e-02,5.230000019073486328e-01
-1.597407646477222443e-02,1.825608685612678528e-02,5.260000228881835938e-01
-4.052955657243728638e-02,2.026477828621864319e-02,5.190000534057617188e-01
-3.827791661024093628e-02,2.026477828621864319e-02,5.190000534057617188e-01
-3.609568625688552856e-02,2.030382491648197174e-02,5.200000405311584473e-01
-3.377463296055793762e-02,2.026477828621864319e-02,5.190000534057617188e-01
-3.152298927307128906e-02,2.026477828621864319e-02,5.190000534057617188e-01
-2.938414551317691803e-02,2.034286968410015106e-02,5.210000276565551758e-01
-2.717588655650615692e-02,2.038191445171833038e-02,5.220000147819519043e-01
-2.500667609274387360e-02,2.046000771224498749e-02,5.240000486373901367e-01
-2.282010950148105621e-02,2.053809911012649536e-02,5.260000228881835938e-01
-2.065523713827133179e-02,2.065523713827133179e-02,5.290000438690185547e-01
-1.863786764442920685e-02,2.096760086715221405e-02,5.370000004768371582e-01
-3.637334704399108887e-02,2.273334190249443054e-02,5.240000486373901367e-01
-3.423016518354415894e-02,2.282010950148105621e-02,5.260000228881835938e-01
-3.194815292954444885e-02,2.282010950148105621e-02,5.260000228881835938e-01
-2.972254157066345215e-02,2.286349423229694366e-02,5.270000100135803223e-01
-2.754031680524349213e-02,2.295026369392871857e-02,5.290000438690185547e-01
1.283305790275335312e-02,-2.138843014836311340e-02,4.930000305175781250e-01
1.497190073132514954e-02,-2.138843014836311340e-02,4.930000305175781250e-01
1.714545115828514099e-02,-2.143181301653385162e-02,4.940000176429748535e-01
1.928863301873207092e-02,-2.143181301653385162e-02,4.940000176429748535e-01
2.147519960999488831e-02,-2.147519960999488831e-02,4.950000345706939697e-01
2.545787207782268524e-02,-2.121489308774471283e-02,4.890000224113464355e-01
2.757936157286167145e-02,-2.121489308774471283e-02,4.890000224113464355e-01
2.994380146265029907e-02,-2.138843014836311340e-02,4.930000305175781250e-01
8.520664647221565247e-03,-1.917149499058723450e-02,4.910000264644622803e-01
1.062913797795772552e-02,-1.913244836032390594e-02,4.900000095367431641e-01
1.275496557354927063e-02,-1.913244836032390594e-02,4.900000095367431641e-01
1.488079316914081573e-02,-1.913244836032390594e-02,4.900000095367431641e-01
1.704132929444313049e-02,-1.917149499058723450e-02,4.910000264644622803e-01
1.917149499058723450e-02,-1.917149499058723450e-02,4.910000264644622803e-01
2.134504541754722595e-02,-1.921053975820541382e-02,4.920000135898590088e-01
2.328865975141525269e-02,-1.905435882508754730e-02,4.880000352859497070e-01
2.530168928205966949e-02,-1.897626556456089020e-02,4.860000312328338623e-01
2.752296254038810730e-02,-1.905435882508754730e-02,4.880000352859497070e-01
2.976158633828163147e-02,-1.913244836032390594e-02,4.900000095367431641e-01
3.175726532936096191e-02,-1.905435882508754730e-02,4.880000352859497070e-01
3.373558446764945984e-02,-1.897626556456089020e-02,4.860000312328338623e-01
3.569655120372772217e-02,-1.889817416667938232e-02,4.840000271797180176e-01
3.779634833335876465e-02,-1.889817416667938232e-02,4.840000271797180176e-01
4.022586718201637268e-02,-1.905435882508754730e-02,4.880000352859497070e-01
4.251655191183090210e-03,-1.700662076473236084e-02,4.900000095367431641e-01
6.351452786475419998e-03,-1.693720743060112000e-02,4.880000352859497070e-01
8.468603715300559998e-03,-1.693720743060112000e-02,4.880000352859497070e-01
1.058575417846441269e-02,-1.693720743060112000e-02,4.880000352859497070e-01
1.270290557295084000e-02,-1.693720743060112000e-02,4.880000352859497070e-01
1.485042460262775421e-02,-1.697191409766674042e-02,4.890000224113464355e-01
1.697191409766674042e-02,-1.697191409766674042e-02,4.890000224113464355e-01
1.909340359270572662e-02,-1.697191409766674042e-02,4.890000224113464355e-01
2.117150835692882538e-02,-1.693720743060112000e-02,4.880000352859497070e-01
2.319321408867835999e-02,-1.686779223382472992e-02,4.860000312328338623e-01
2.519756555557250977e-02,-1.679837703704833984e-02,4.840000271797180176e-01
2.746656164526939392e-02,-1.690249890089035034e-02,4.870000183582305908e-01
2.951863594353199005e-02,-1.686779223382472992e-02,4.860000312328338623e-01
3.156203404068946838e-02,-1.683308370411396027e-02,4.850000143051147461e-01
3.359675407409667969e-02,-1.679837703704833984e-02,4.840000271797180176e-01
3.562279790639877319e-02,-1.676367036998271942e-02,4.830000102519989014e-01
3.771825507283210754e-02,-1.676367036998271942e-02,4.830000102519989014e-01
4.022586718201637268e-02,-1.693720743060112000e-02,4.880000352859497070e-01
0.000000000000000000e+00,-1.488079316914081573e-02,4.900000095367431641e-01
2.112812362611293793e-03,-1.478968653827905655e-02,4.870000183582305908e-01
4.216948058456182480e-03,-1.475931797176599503e-02,4.860000312328338623e-01
6.325422320514917374e-03,-1.475931797176599503e-02,4.860000312328338623e-01
8.433896116912364960e-03,-1.475931797176599503e-02,4.860000312328338623e-01
1.054237037897109985e-02,-1.475931797176599503e-02,4.860000312328338623e-01
1.267687417566776276e-02,-1.478968653827905655e-02,4.870000183582305908e-01
1.478968653827905655e-02,-1.478968653827905655e-02,4.870000183582305908e-01
1.693720743060112000e-02,-1.482005603611469269e-02,4.880000352859497070e-01
1.905435882508754730e-02,-1.482005603611469269e-02,4.880000352859497070e-01
2.112812362611293793e-02,-1.478968653827905655e-02,4.870000183582305908e-01
2.314549125730991364e-02,-1.472894847393035889e-02,4.850000143051147461e-01
2.519756555557250977e-02,-1.469857990741729736e-02,4.840000271797180176e-01
2.735376171767711639e-02,-1.472894847393035889e-02,4.850000143051147461e-01
2.945789694786071777e-02,-1.472894847393035889e-02,4.850000143051147461e-01
3.149695694446563721e-02,-1.469857990741729736e-02,4.840000271797180176e-01
3.359675407409667969e-02,-1.469857990741729736e-02,4.840000271797180176e-01
3.562279790639877319e-02,-1.466821040958166122e-02,4.830000102519989014e-01
3.764016553759574890e-02,-1.463784184306859970e-02,4.820000231266021729e-01
4.006100818514823914e-02,-1.475931797176599503e-02,4.860000312328338623e-01
-6.468589883297681808e-03,-1.293717976659536362e-02,4.970000088214874268e-01
-4.251655191183090210e-03,-1.275496557354927063e-02,4.900000095367431641e-01
-2.117150928825139999e-03,-1.270290557295084000e-02,4.880000352859497070e-01
0.000000000000000000e+00,-1.267687417566776276e-02,4.870000183582305908e-01
2.108474029228091240e-03,-1.265084464102983475e-02,4.860000312328338623e-01
4.208270926028490067e-03,-1.262481324374675751e-02,4.850000143051147461e-01
6.312406621873378754e-03,-1.262481324374675751e-02,4.850000143051147461e-01
8.416541852056980133e-03,-1.262481324374675751e-02,4.850000143051147461e-01
1.054237037897109985e-02,-1.265084464102983475e-02,4.860000312328338623e-01
1.265084464102983475e-02,-1.265084464102983475e-02,4.860000312328338623e-01
1.475931797176599503e-02,-1.265084464102983475e-02,4.860000312328338623e-01
1.690249890089035034e-02,-1.267687417566776276e-02,4.870000183582305908e-01
1.901531219482421875e-02,-1.267687417566776276e-02,4.870000183582305908e-01
2.112812362611293793e-02,-1.267687417566776276e-02,4.870000183582305908e-01
2.314549125730991364e-02,-1.262481324374675751e-02,4.850000143051147461e-01
2.514550462365150452e-02,-1.257275231182575226e-02,4.830000102519989014e-01
2.729736268520355225e-02,-1.259878277778625488e-02,4.840000271797180176e-01
2.945789694786071777e-02,-1.262481324374675751e-02,4.850000143051147461e-01
3.156203404068946838e-02,-1.262481324374675751e-02,4.850000143051147461e-01
3.359675407409667969e-02,-1.259878277778625488e-02,4.840000271797180176e-01
3.569655120372772217e-02,-1.259878277778625488e-02,4.840000271797180176e-01
3.771825507283210754e-02,-1.257275231182575226e-02,4.830000102519989014e-01
3.989614546298980713e-02,-1.259878277778625488e-02,4.840000271797180176e-01
-1.306733302772045135e-02,-1.088944450020790100e-02,5.020000338554382324e-01
-1.075929123908281326e-02,-1.075929123908281326e-02,4.960000216960906982e-01
-8.538017980754375458e-03,-1.067252270877361298e-02,4.920000135898590088e-01
-6.377482786774635315e-03,-1.062913797795772552e-02,4.900000095367431641e-01
-4.234301857650279999e-03,-1.058575417846441269e-02,4.880000352859497070e-01
-2.112812362611293793e-03,-1.056406181305646896e-02,4.870000183582305908e-01
0.000000000000000000e+00,-1.054237037897109985e-02,4.860000312328338623e-01
2.104135463014245033e-03,-1.052067801356315613e-02,4.850000143051147461e-01
4.208270926028490067e-03,-1.052067801356315613e-02,4.850000143051147461e-01
6.312406621873378754e-03,-1.052067801356315613e-02,4.850000143051147461e-01
8.416541852056980133e-03,-1.052067801356315613e-02,4.850000143051147461e-01
1.052067801356315613e-02,-1.052067801356315613e-02,4.850000143051147461e-01
1.262481324374675751e-02,-1.052067801356315613e-02,4.850000143051147461e-01
1.475931797176599503e-02,-1.054237037897109985e-02,4.860000312328338623e-01
1.686779223382472992e-02,-1.054237037897109985e-02,4.860000312328338623e-01
1.897626556456089020e-02,-1.054237037897109985e-02,4.860000312328338623e-01
2.112812362611293793e-02,-1.056406181305646896e-02,4.870000183582305908e-01
2.314549125730991364e-02,-1.052067801356315613e-02,4.850000143051147461e-01
2.519756555557250977e-02,-1.049898564815521240e-02,4.840000271797180176e-01
2.724096365272998810e-02,-1.047729328274726868e-02,4.830000102519989014e-01
2.951863594353199005e-02,-1.054237037897109985e-02,4.860000312328338623e-01
3.156203404068946838e-02,-1.052067801356315613e-02,4.850000143051147461e-01
3.366616740822792053e-02,-1.052067801356315613e-02,4.850000143051147461e-01
3.577030450105667114e-02,-1.052067801356315613e-02,4.850000143051147461e-01
3.795253112912178040e-02,-1.054237037897109985e-02,4.860000312328338623e-01
-1.749252527952194214e-02,-8.746262639760971069e-03,5.040000081062316895e-01
-1.518448255956172943e-02,-8.676847442984580994e-03,5.000000000000000000e-01
-1.293717976659536362e-02,-8.624786511063575745e-03,4.970000088214874268e-01
-1.069421507418155670e-02,-8.555372245609760284e-03,4.930000305175781250e-01
-8.503310382366180420e-03,-8.503310382366180420e-03,4.900000095367431641e-01
-6.364468019455671310e-03,-8.485957048833370209e-03,4.890000224113464355e-01
-4.225624725222587585e-03,-8.451249450445175171e-03,4.870000183582305908e-01
-2.108474029228091240e-03,-8.433896116912364960e-03,4.860000312328338623e-01
0.000000000000000000e+00,-8.416541852056980133e-03,4.850000143051147461e-01
2.104135463014245033e-03,-8.416541852056980133e-03,4.850000143051147461e-01
4.199594259262084961e-03,-8.399188518524169922e-03,4.840000271797180176e-01
6.299391388893127441e-03,-8.399188518524169922e-03,4.840000271797180176e-01
8.399188518524169922e-03,-8.399188518524169922e-03,4.840000271797180176e-01
1.049898564815521240e-02,-8.399188518524169922e-03,4.840000271797180176e-01
1.262481324374675751e-02,-8.416541852056980133e-03,4.850000143051147461e-01
1.472894847393035889e-02,-8.416541852056980133e-03,4.850000143051147461e-01
1.686779223382472992e-02,-8.433896116912364960e-03,4.860000312328338623e-01
1.897626556456089020e-02,-8.433896116912364960e-03,4.860000312328338623e-01
2.108474075794219971e-02,-8.433896116912364960e-03,4.860000312328338623e-01
2.319321408867835999e-02,-8.433896116912364960e-03,4.860000312328338623e-01
2.524962648749351501e-02,-8.416541852056980133e-03,4.850000143051147461e-01
2.729736268520355225e-02,-8.399188518524169922e-03,4.840000271797180176e-01
2.945789694786071777e-02,-8.416541852056980133e-03,4.850000143051147461e-01
3.169218450784683228e-02,-8.451249450445175171e-03,4.870000183582305908e-01
3.387441486120223999e-02,-8.468603715300559998e-03,4.880000352859497070e-01
3.650783747434616089e-02,-8.590079843997955322e-03,4.950000345706939697e-01
-2.429083362221717834e-02,-6.624773144721984863e-03,5.090000033378601074e-01
-2.195242606103420258e-02,-6.585727911442518234e-03,5.060000419616699219e-01
-1.967909000813961029e-02,-6.559696514159440994e-03,5.040000081062316895e-01
-1.742311008274555206e-02,-6.533666513860225677e-03,5.020000338554382324e-01
-1.515411399304866791e-02,-6.494620349258184433e-03,4.990000128746032715e-01
-1.291114930063486099e-02,-6.455574650317430496e-03,4.960000216960906982e-01
-1.067252270877361298e-02,-6.403513718396425247e-03,4.920000135898590088e-01
-8.503310382366180420e-03,-6.377482786774635315e-03,4.900000095367431641e-01
-6.351452786475419998e-03,-6.351452786475419998e-03,4.880000352859497070e-01
-4.225624725222587585e-03,-6.338437087833881378e-03,4.870000183582305908e-01
-2.108474029228091240e-03,-6.325422320514917374e-03,4.860000312328338623e-01
0.000000000000000000e+00,-6.312406621873378754e-03,4.850000143051147461e-01
2.099797129631042480e-03,-6.299391388893127441e-03,4.840000271797180176e-01
4.199594259262084961e-03,-6.299391388893127441e-03,4.840000271797180176e-01
6.299391388893127441e-03,-6.299391388893127441e-03,4.840000271797180176e-01
8.399188518524169922e-03,-6.299391388893127441e-03,4.840000271797180176e-01
1.049898564815521240e-02,-6.299391388893127441e-03,4.840000271797180176e-01
1.259878277778625488e-02,-6.299391388893127441e-03,4.840000271797180176e-01
1.472894847393035889e-02,-6.312406621873378754e-03,4.850000143051147461e-01
1.686779223382472992e-02,-6.325422320514917374e-03,4.860000312328338623e-01
1.897626556456089020e-02,-6.325422320514917374e-03,4.860000312328338623e-01
2.108474075794219971e-02,-6.325422320514917374e-03,4.860000312328338623e-01
2.324093692004680634e-02,-6.338437087833881378e-03,4.870000183582305908e-01
2.530168928205966949e-02,-6.325422320514917374e-03,4.860000312328338623e-01
2.735376171767711639e-02,-6.312406621873378754e-03,4.850000143051147461e-01
2.945789694786071777e-02,-6.312406621873378754e-03,4.850000143051147461e-01
3.169218450784683228e-02,-6.338437087833881378e-03,4.870000183582305908e-01
3.401324152946472168e-02,-6.377482786774635315e-03,4.900000095367431641e-01
3.643408417701721191e-02,-6.429544184356927872e-03,4.940000176429748535e-01
-3.416508808732032776e-02,-4.555345047265291214e-03,5.250000357627868652e-01
-3.121929615736007690e-02,-4.459899384528398514e-03,5.139999985694885254e-01
-2.870734967291355133e-02,-4.416515585035085678e-03,5.090000033378601074e-01
-2.644703164696693420e-02,-4.407838452607393265e-03,5.080000162124633789e-01
-2.414766885340213776e-02,-4.390485119074583054e-03,5.060000419616699219e-01
-2.190903946757316589e-02,-4.381807986646890640e-03,5.049999952316284180e-01
-1.964004524052143097e-02,-4.364454653114080429e-03,5.030000209808349609e-01
-1.738840341567993164e-02,-4.347100853919982910e-03,5.010000467300415039e-01
-1.515411399304866791e-02,-4.329747054725885391e-03,4.990000128746032715e-01
-1.291114930063486099e-02,-4.303716588765382767e-03,4.960000216960906982e-01
-1.067252270877361298e-02,-4.269008990377187729e-03,4.920000135898590088e-01
-8.503310382366180420e-03,-4.251655191183090210e-03,4.900000095367431641e-01
-6.351452786475419998e-03,-4.234301857650279999e-03,4.880000352859497070e-01
-4.225624725222587585e-03,-4.225624725222587585e-03,4.870000183582305908e-01
-2.108474029228091240e-03,-4.216948058456182480e-03,4.860000312328338623e-01
0.000000000000000000e+00,-4.208270926028490067e-03,4.850000143051147461e-01
2.099797129631042480e-03,-4.199594259262084961e-03,4.840000271797180176e-01
4.199594259262084961e-03,-4.199594259262084961e-03,4.840000271797180176e-01
6.299391388893127441e-03,-4.199594259262084961e-03,4.840000271797180176e-01
8.399188518524169922e-03,-4.199594259262084961e-03,4.840000271797180176e-01
1.049898564815521240e-02,-4.199594259262084961e-03,4.840000271797180176e-01
1.259878277778625488e-02,-4.199594259262084961e-03,4.840000271797180176e-01
1.472894847393035889e-02,-4.208270926028490067e-03,4.850000143051147461e-01
1.686779223382472992e-02,-4.216948058456182480e-03,4.860000312328338623e-01
1.897626556456089020e-02,-4.216948058456182480e-03,4.860000312328338623e-01
2.112812362611293793e-02,-4.225624725222587585e-03,4.870000183582305908e-01
2.328865975141525269e-02,-4.234301857650279999e-03,4.880000352859497070e-01
2.540581114590167999e-02,-4.234301857650279999e-03,4.880000352859497070e-01
2.746656164526939392e-02,-4.225624725222587585e-03,4.870000183582305908e-01
2.957937307655811310e-02,-4.225624725222587585e-03,4.870000183582305908e-01
3.169218450784683228e-02,-4.225624725222587585e-03,4.870000183582305908e-01
3.394382819533348083e-02,-4.242978524416685104e-03,4.890000224113464355e-01
-4.115428775548934937e-02,-2.286349423229694366e-03,5.270000100135803223e-01
-3.820415958762168884e-02,-2.247303491458296776e-03,5.180000066757202148e-01
-3.554036840796470642e-02,-2.221273025497794151e-03,5.120000243186950684e-01
-3.318894281983375549e-02,-2.212596358731389046e-03,5.100000500679016113e-01
-3.085486963391304016e-02,-2.203919226303696632e-03,5.080000162124633789e-01
-2.865095064043998718e-02,-2.203919226303696632e-03,5.080000162124633789e-01
-2.639497071504592896e-02,-2.199580892920494080e-03,5.070000290870666504e-01
-2.414766885340213776e-02,-2.195242559537291527e-03,5.060000419616699219e-01
-2.186565659940242767e-02,-2.186565659940242767e-03,5.040000081062316895e-01
-1.964004524052143097e-02,-2.182227326557040215e-03,5.030000209808349609e-01
-1.738840341567993164e-02,-2.173550426959991455e-03,5.010000467300415039e-01
-1.515411399304866791e-02,-2.164873527362942696e-03,4.990000128746032715e-01
-1.291114930063486099e-02,-2.151858294382691383e-03,4.960000216960906982e-01
-1.067252270877361298e-02,-2.134504495188593864e-03,4.920000135898590088e-01
-8.503310382366180420e-03,-2.125827595591545105e-03,4.900000095367431641e-01
-6.351452786475419998e-03,-2.117150928825139999e-03,4.880000352859497070e-01
-4.225624725222587585e-03,-2.112812362611293793e-03,4.870000183582305908e-01
-2.108474029228091240e-03,-2.108474029228091240e-03,4.860000312328338623e-01
0.000000000000000000e+00,-2.104135463014245033e-03,4.850000143051147461e-01
2.099797129631042480e-03,-2.099797129631042480e-03,4.840000271797180176e-01
4.199594259262084961e-03,-2.099797129631042480e-03,4.840000271797180176e-01
6.299391388893127441e-03,-2.099797129631042480e-03,4.840000271797180176e-01
8.399188518524169922e-03,-2.099797129631042480e-03,4.840000271797180176e-01
1.049898564815521240e-02,-2.099797129631042480e-03,4.840000271797180176e-01
1.259878277778625488e-02,-2.099797129631042480e-03,4.840000271797180176e-01
1.472894847393035889e-02,-2.104135463014245033e-03,4.850000143051147461e-01
1.686779223382472992e-02,-2.108474029228091240e-03,4.860000312328338623e-01
1.901531219482421875e-02,-2.112812362611293793e-03,4.870000183582305908e-01
2.112812362611293793e-02,-2.112812362611293793e-03,4.870000183582305908e-01
2.328865975141525269e-02,-2.117150928825139999e-03,4.880000352859497070e-01
2.550993114709854126e-02,-2.125827595591545105e-03,4.900000095367431641e-01
2.774855867028236389e-02,-2.134504495188593864e-03,4.920000135898590088e-01
2.988306246697902679e-02,-2.134504495188593864e-03,4.920000135898590088e-01
-4.286362975835800171e-02,0.000000000000000000e+00,5.200000405311584473e-01
-4.006100445985794067e-02,0.000000000000000000e+00,5.130000114440917969e-01
-3.768789023160934448e-02,0.000000000000000000e+00,5.110000371932983398e-01
-3.533212468028068542e-02,0.000000000000000000e+00,5.090000033378601074e-01
-3.305878862738609314e-02,0.000000000000000000e+00,5.080000162124633789e-01
-3.085486963391304016e-02,0.000000000000000000e+00,5.080000162124633789e-01
-2.859455160796642303e-02,0.000000000000000000e+00,5.070000290870666504e-01
-2.634291164577007294e-02,0.000000000000000000e+00,5.060000419616699219e-01
-2.409994415938854218e-02,0.000000000000000000e+00,5.049999952316284180e-01
-2.186565659940242767e-02,0.000000000000000000e+00,5.040000081062316895e-01
-1.960100047290325165e-02,0.000000000000000000e+00,5.020000338554382324e-01
-1.738840341567993164e-02,0.000000000000000000e+00,5.010000467300415039e-01
-1.512374542653560638e-02,0.000000000000000000e+00,4.980000257492065430e-01
-1.291114930063486099e-02,0.000000000000000000e+00,4.960000216960906982e-01
-1.069421507418155670e-02,0.000000000000000000e+00,4.930000305175781250e-01
-8.503310382366180420e-03,0.000000000000000000e+00,4.900000095367431641e-01
-6.364468019455671310e-03,0.000000000000000000e+00,4.890000224113464355e-01
-4.225624725222587585e-03,0.000000000000000000e+00,4.870000183582305908e-01
-2.108474029228091240e-03,0.000000000000000000e+00,4.860000312328338623e-01
0.000000000000000000e+00,0.000000000000000000e+00,4.850000143051147461e-01
2.104135463014245033e-03,0.000000000000000000e+00,4.850000143051147461e-01
4.208270926028490067e-03,0.000000000000000000e+00,4.850000143051147461e-01
6.312406621873378754e-03,0.000000000000000000e+00,4.850000143051147461e-01
8.416541852056980133e-03,0.000000000000000000e+00,4.850000143051147461e-01
1.052067801356315613e-02,0.000000000000000000e+00,4.850000143051147461e-01
1.262481324374675751e-02,0.000000000000000000e+00,4.850000143051147461e-01
1.475931797176599503e-02,0.000000000000000000e+00,4.860000312328338623e-01
1.686779223382472992e-02,0.000000000000000000e+00,4.860000312328338623e-01
1.901531219482421875e-02,0.000000000000000000e+00,4.870000183582305908e-01
2.117150835692882538e-02,0.000000000000000000e+00,4.880000352859497070e-01
2.333638258278369904e-02,0.000000000000000000e+00,4.890000224113464355e-01
2.556199394166469574e-02,0.000000000000000000e+00,4.910000264644622803e-01
2.780495956540107727e-02,0.000000000000000000e+00,4.930000305175781250e-01
3.036896511912345886e-02,0.000000000000000000e+00,5.000000000000000000e-01
-4.477253556251525879e-02,2.238626824691891670e-03,5.160000324249267578e-01
-4.228661581873893738e-02,2.225611358880996704e-03,5.130000114440917969e-01
-3.998291492462158203e-02,2.221273025497794151e-03,5.120000243186950684e-01
-3.761413693428039551e-02,2.212596358731389046e-03,5.100000500679016113e-01
-3.533212468028068542e-02,2.208257792517542839e-03,5.090000033378601074e-01
-3.305878862738609314e-02,2.203919226303696632e-03,5.080000162124633789e-01
-3.079413250088691711e-02,2.199580892920494080e-03,5.070000290870666504e-01
-2.853815257549285889e-02,2.195242559537291527e-03,5.060000419616699219e-01
-2.634291164577007294e-02,2.195242559537291527e-03,5.060000419616699219e-01
-2.409994415938854218e-02,2.190903993323445320e-03,5.049999952316284180e-01
-2.182227186858654022e-02,2.182227326557040215e-03,5.030000209808349609e-01
-1.960100047290325165e-02,2.177888760343194008e-03,5.020000338554382324e-01
-1.738840341567993164e-02,2.173550426959991455e-03,5.010000467300415039e-01
-1.515411399304866791e-02,2.164873527362942696e-03,4.990000128746032715e-01
-1.291114930063486099e-02,2.151858294382691383e-03,4.960000216960906982e-01
-1.069421507418155670e-02,2.138843061402440071e-03,4.930000305175781250e-01
-8.520664647221565247e-03,2.130166161805391312e-03,4.910000264644622803e-01
-6.364468019455671310e-03,2.121489262208342552e-03,4.890000224113464355e-01
-4.234301857650279999e-03,2.117150928825139999e-03,4.880000352859497070e-01
-2.117150928825139999e-03,2.117150928825139999e-03,4.880000352859497070e-01
0.000000000000000000e+00,2.112812362611293793e-03,4.870000183582305908e-01
2.112812362611293793e-03,2.112812362611293793e-03,4.870000183582305908e-01
4.225624725222587585e-03,2.112812362611293793e-03,4.870000183582305908e-01
6.338437087833881378e-03,2.112812362611293793e-03,4.870000183582305908e-01
8.451249450445175171e-03,2.112812362611293793e-03,4.870000183582305908e-01
1.056406181305646896e-02,2.112812362611293793e-03,4.870000183582305908e-01
1.270290557295084000e-02,2.117150928825139999e-03,4.880000352859497070e-01
1.482005603611469269e-02,2.117150928825139999e-03,4.880000352859497070e-01
1.693720743060112000e-02,2.117150928825139999e-03,4.880000352859497070e-01
1.909340359270572662e-02,2.121489262208342552e-03,4.890000224113464355e-01
2.125827595591545105e-02,2.125827595591545105e-03,4.900000095367431641e-01
2.343182824552059174e-02,2.130166161805391312e-03,4.910000264644622803e-01
2.566611580550670624e-02,2.138843061402440071e-03,4.930000305175781250e-01
2.803055569529533386e-02,2.156196627765893936e-03,4.970000088214874268e-01
-4.710226878523826599e-02,4.485930316150188446e-03,5.170000195503234863e-01
-4.468576982617378235e-02,4.468576982617378235e-03,5.150000452995300293e-01
-4.228661581873893738e-02,4.451222717761993408e-03,5.130000114440917969e-01
-3.990482538938522339e-02,4.433869384229183197e-03,5.110000371932983398e-01
-3.761413693428039551e-02,4.425192717462778091e-03,5.100000500679016113e-01
-3.533212468028068542e-02,4.416515585035085678e-03,5.090000033378601074e-01
-3.305878862738609314e-02,4.407838452607393265e-03,5.080000162124633789e-01
-3.079413250088691711e-02,4.399161785840988159e-03,5.070000290870666504e-01
-2.853815257549285889e-02,4.390485119074583054e-03,5.060000419616699219e-01
-2.629084698855876923e-02,4.381807986646890640e-03,5.049999952316284180e-01
-2.405222132802009583e-02,4.373131319880485535e-03,5.040000081062316895e-01
-2.182227186858654022e-02,4.364454653114080429e-03,5.030000209808349609e-01
-1.960100047290325165e-02,4.355777520686388016e-03,5.020000338554382324e-01
-1.738840341567993164e-02,4.347100853919982910e-03,5.010000467300415039e-01
-1.515411399304866791e-02,4.329747054725885391e-03,4.990000128746032715e-01
-1.293717976659536362e-02,4.312393255531787872e-03,4.970000088214874268e-01
-1.071590650826692581e-02,4.286362789571285248e-03,4.940000176429748535e-01
-8.538017980754375458e-03,4.269008990377187729e-03,4.920000135898590088e-01
-6.390498485416173935e-03,4.260332323610782623e-03,4.910000264644622803e-01
-4.260332323610782623e-03,4.260332323610782623e-03,4.910000264644622803e-01
-2.130166161805391312e-03,4.260332323610782623e-03,4.910000264644622803e-01
0.000000000000000000e+00,4.260332323610782623e-03,4.910000264644622803e-01
2.130166161805391312e-03,4.260332323610782623e-03,4.910000264644622803e-01
4.269008990377187729e-03,4.269008990377187729e-03,4.920000135898590088e-01
6.416528951376676559e-03,4.277686122804880142e-03,4.930000305175781250e-01
8.555372245609760284e-03,4.277686122804880142e-03,4.930000305175781250e-01
1.071590650826692581e-02,4.286362789571285248e-03,4.940000176429748535e-01
1.288511883467435837e-02,4.295039921998977661e-03,4.950000345706939697e-01
1.503263879567384720e-02,4.295039921998977661e-03,4.950000345706939697e-01
1.721486635506153107e-02,4.303716588765382767e-03,4.960000216960906982e-01
1.940576918423175812e-02,4.312393255531787872e-03,4.970000088214874268e-01
2.169211767613887787e-02,4.338423721492290497e-03,5.000000000000000000e-01
-4.710226878523826599e-02,6.728895474225282669e-03,5.170000195503234863e-01
-4.468576982617378235e-02,6.702865008264780045e-03,5.150000452995300293e-01
-4.228661581873893738e-02,6.676834076642990112e-03,5.130000114440917969e-01
-3.990482538938522339e-02,6.650804076343774796e-03,5.110000371932983398e-01
-3.761413693428039551e-02,6.637788843363523483e-03,5.100000500679016113e-01
-3.526270762085914612e-02,6.611757911741733551e-03,5.080000162124633789e-01
-3.299371525645256042e-02,6.598742678761482239e-03,5.070000290870666504e-01
-3.073339536786079407e-02,6.585727911442518234e-03,5.060000419616699219e-01
-2.853815257549285889e-02,6.585727911442518234e-03,5.060000419616699219e-01
-2.629084698855876923e-02,6.572711747139692307e-03,5.049999952316284180e-01
-2.405222132802009583e-02,6.559696514159440994e-03,5.040000081062316895e-01
-2.182227186858654022e-02,6.546681746840476990e-03,5.030000209808349609e-01
-1.960100047290325165e-02,6.533666513860225677e-03,5.020000338554382324e-01
-1.738840341567993164e-02,6.520651280879974365e-03,5.010000467300415039e-01
-1.518448255956172943e-02,6.507635582238435745e-03,5.000000000000000000e-01
-1.296321023255586624e-02,6.481605116277933121e-03,4.980000257492065430e-01
-1.075929123908281326e-02,6.455574650317430496e-03,4.960000216960906982e-01
-8.590079843997955322e-03,6.442559417337179184e-03,4.950000345706939697e-01
-6.429544184356927872e-03,6.429544184356927872e-03,4.940000176429748535e-01
-4.295039921998977661e-03,6.442559417337179184e-03,4.950000345706939697e-01
-2.147519960999488831e-03,6.442559417337179184e-03,4.950000345706939697e-01
0.000000000000000000e+00,6.455574650317430496e-03,4.960000216960906982e-01
2.156196627765893936e-03,6.468589883297681808e-03,4.970000088214874268e-01
4.321070387959480286e-03,6.481605116277933121e-03,4.980000257492065430e-01
6.494620349258184433e-03,6.494620349258184433e-03,4.990000128746032715e-01
8.676847442984580994e-03,6.507635582238435745e-03,5.000000000000000000e-01
1.086775213479995728e-02,6.520651280879974365e-03,5.010000467300415039e-01
1.309336349368095398e-02,6.546681746840476990e-03,5.030000209808349609e-01
1.539706625044345856e-02,6.598742678761482239e-03,5.070000290870666504e-01
-4.459899663925170898e-02,8.919798769056797028e-03,5.139999985694885254e-01
-4.228661581873893738e-02,8.902445435523986816e-03,5.130000114440917969e-01
-3.990482538938522339e-02,8.867738768458366394e-03,5.110000371932983398e-01
-3.761413693428039551e-02,8.850385434925556183e-03,5.100000500679016113e-01
-3.526270762085914612e-02,8.815676905214786530e-03,5.080000162124633789e-01
-3.299371525645256042e-02,8.798323571681976318e-03,5.070000290870666504e-01
-3.073339536786079407e-02,8.780970238149166107e-03,5.060000419616699219e-01
-2.853815257549285889e-02,8.780970238149166107e-03,5.060000419616699219e-01
-2.629084698855876923e-02,8.763615973293781281e-03,5.049999952316284180e-01
-2.405222132802009583e-02,8.746262639760971069e-03,5.040000081062316895e-01
-2.186565659940242767e-02,8.746262639760971069e-03,5.040000081062316895e-01
-1.964004524052143097e-02,8.728909306228160858e-03,5.030000209808349609e-01
-1.742311008274555206e-02,8.711555041372776031e-03,5.020000338554382324e-01
-1.518448255956172943e-02,8.676847442984580994e-03,5.000000000000000000e-01
-1.298924069851636887e-02,8.659494109451770782e-03,4.990000128746032715e-01
-1.080267596989870071e-02,8.642140775918960571e-03,4.980000257492065430e-01
-8.642140775918960571e-03,8.642140775918960571e-03,4.980000257492065430e-01
-6.494620349258184433e-03,8.659494109451770782e-03,4.990000128746032715e-01
-4.338423721492290497e-03,8.676847442984580994e-03,5.000000000000000000e-01
-2.177888760343194008e-03,8.711555041372776031e-03,5.020000338554382324e-01
0.000000000000000000e+00,8.728909306228160858e-03,5.030000209808349609e-01
2.186565659940242767e-03,8.746262639760971069e-03,5.040000081062316895e-01
4.381807986646890640e-03,8.763615973293781281e-03,5.049999952316284180e-01
6.598742678761482239e-03,8.798323571681976318e-03,5.070000290870666504e-01
8.850385434925556183e-03,8.850385434925556183e-03,5.100000500679016113e-01
3.097634576261043549e-02,8.260359056293964386e-03,4.760000109672546387e-01
3.276377916336059570e-02,8.190944790840148926e-03,4.720000326633453369e-01
3.466400876641273499e-02,8.156237192451953888e-03,4.700000286102294922e-01
-4.459899663925170898e-02,1.114974915981292725e-02,5.139999985694885254e-01
-4.228661581873893738e-02,1.112805679440498352e-02,5.130000114440917969e-01
-3.990482538938522339e-02,1.108467299491167068e-02,5.110000371932983398e-01
-3.761413693428039551e-02,1.106298156082630157e-02,5.100000500679016113e-01
-3.526270762085914612e-02,1.101959683001041412e-02,5.080000162124633789e-01
-3.299371525645256042e-02,1.099790446460247040e-02,5.070000290870666504e-01
-3.073339536786079407e-02,1.097621303051710129e-02,5.060000419616699219e-01
-2.853815257549285889e-02,1.097621303051710129e-02,5.060000419616699219e-01
-2.629084698855876923e-02,1.095451973378658295e-02,5.049999952316284180e-01
-2.409994415938854218e-02,1.095451973378658295e-02,5.049999952316284180e-01
-2.186565659940242767e-02,1.093282829970121384e-02,5.040000081062316895e-01
-1.967909000813961029e-02,1.093282829970121384e-02,5.040000081062316895e-01
-1.745781861245632172e-02,1.091113593429327011e-02,5.030000209808349609e-01
-1.524522155523300171e-02,1.088944450020790100e-02,5.020000338554382324e-01
-1.306733302772045135e-02,1.088944450020790100e-02,5.020000338554382324e-01
-1.093282829970121384e-02,1.093282829970121384e-02,5.040000081062316895e-01
-8.763615973293781281e-03,1.095451973378658295e-02,5.049999952316284180e-01
-6.598742678761482239e-03,1.099790446460247040e-02,5.070000290870666504e-01
-4.407838452607393265e-03,1.101959683001041412e-02,5.080000162124633789e-01
-2.208257792517542839e-03,1.104128826409578323e-02,5.090000033378601074e-01
0.000000000000000000e+00,1.108467299491167068e-02,5.110000371932983398e-01
2.229949692264199257e-03,1.114974915981292725e-02,5.139999985694885254e-01
2.498932182788848877e-02,1.041221711784601212e-02,4.800000190734863281e-01
2.684616670012474060e-02,1.032544858753681183e-02,4.760000109672546387e-01
2.878978103399276733e-02,1.028206478804349899e-02,4.740000367164611816e-01
3.071604110300540924e-02,1.023868098855018616e-02,4.720000326633453369e-01
3.262494876980781555e-02,1.019529625773429871e-02,4.700000286102294922e-01
3.451650217175483704e-02,1.015191245824098587e-02,4.680000245571136475e-01
-4.468576982617378235e-02,1.340573001652956009e-02,5.150000452995300293e-01
-4.228661581873893738e-02,1.335366815328598022e-02,5.130000114440917969e-01
-3.990482538938522339e-02,1.330160815268754959e-02,5.110000371932983398e-01
-3.761413693428039551e-02,1.327557768672704697e-02,5.100000500679016113e-01
-3.533212468028068542e-02,1.324954628944396973e-02,5.090000033378601074e-01
-3.305878862738609314e-02,1.322351582348346710e-02,5.080000162124633789e-01
-3.079413250088691711e-02,1.319748535752296448e-02,5.070000290870666504e-01
-2.859455160796642303e-02,1.319748535752296448e-02,5.070000290870666504e-01
-2.639497071504592896e-02,1.319748535752296448e-02,5.070000290870666504e-01
-2.414766885340213776e-02,1.317145582288503647e-02,5.060000419616699219e-01
-2.195242606103420258e-02,1.317145582288503647e-02,5.060000419616699219e-01
-1.975718326866626740e-02,1.317145582288503647e-02,5.060000419616699219e-01
-1.759664714336395264e-02,1.319748535752296448e-02,5.070000290870666504e-01
-1.545780338346958160e-02,1.324954628944396973e-02,5.090000033378601074e-01
-1.327557768672704697e-02,1.327557768672704697e-02,5.100000500679016113e-01
-1.110636536031961441e-02,1.332763861864805222e-02,5.120000243186950684e-01
-8.902445435523986816e-03,1.335366815328598022e-02,5.130000114440917969e-01
-6.702865008264780045e-03,1.340573001652956009e-02,5.150000452995300293e-01
-4.485930316150188446e-03,1.345779094845056534e-02,5.170000195503234863e-01
-2.282010857015848160e-03,1.369206607341766357e-02,5.260000228881835938e-01
1.893722079694271088e-02,1.262481324374675751e-02,4.850000143051147461e-01
2.082443423569202423e-02,1.249466091394424438e-02,4.800000190734863281e-01
2.281143330037593842e-02,1.244259998202323914e-02,4.780000150203704834e-01
2.478107623755931854e-02,1.239053811877965927e-02,4.760000109672546387e-01
2.673336863517761230e-02,1.233847811818122864e-02,4.740000367164611816e-01
2.866830490529537201e-02,1.228641718626022339e-02,4.720000326633453369e-01
3.065096400678157806e-02,1.226038578897714615e-02,4.710000157356262207e-01
3.255553171038627625e-02,1.220832485705614090e-02,4.690000116825103760e-01
-4.468576982617378235e-02,1.564001850783824921e-02,5.150000452995300293e-01
-4.228661581873893738e-02,1.557927951216697693e-02,5.130000114440917969e-01
-3.998291492462158203e-02,1.554891094565391541e-02,5.120000243186950684e-01
-3.768789023160934448e-02,1.551854237914085388e-02,5.110000371932983398e-01
-3.547095507383346558e-02,1.551854237914085388e-02,5.110000371932983398e-01
-3.318894281983375549e-02,1.548817381262779236e-02,5.100000500679016113e-01
-3.097634762525558472e-02,1.548817381262779236e-02,5.100000500679016113e-01
-2.882015146315097809e-02,1.551854237914085388e-02,5.110000371932983398e-01
-2.660321630537509918e-02,1.551854237914085388e-02,5.110000371932983398e-01
-2.443400397896766663e-02,1.554891094565391541e-02,5.120000243186950684e-01
-2.225611358880996704e-02,1.557927951216697693e-02,5.130000114440917969e-01
-2.006954886019229889e-02,1.560964807868003845e-02,5.139999985694885254e-01
-1.787430793046951294e-02,1.564001850783824921e-02,5.150000452995300293e-01
-1.570075564086437225e-02,1.570075564086437225e-02,5.170000195503234863e-01
-1.348382141441106796e-02,1.573112420737743378e-02,5.180000066757202148e-01
-1.130159478634595871e-02,1.582223176956176758e-02,5.210000276565551758e-01
-9.110690094530582428e-03,1.594370789825916290e-02,5.250000357627868652e-01
1.272893603891134262e-02,1.485042460262775421e-02,4.890000224113464355e-01
1.469857990741729736e-02,1.469857990741729736e-02,4.840000271797180176e-01
1.672896184027194977e-02,1.463784184306859970e-02,4.820000231266021729e-01
1.874199137091636658e-02,1.457710377871990204e-02,4.800000190734863281e-01
2.073766663670539856e-02,1.451636571437120438e-02,4.780000150203704834e-01
2.271598763763904572e-02,1.445562765002250671e-02,4.760000109672546387e-01
2.472901716828346252e-02,1.442525908350944519e-02,4.750000238418579102e-01
2.667696774005889893e-02,1.436452101916074753e-02,4.730000197887420654e-01
2.866830490529537201e-02,1.433415245264768600e-02,4.720000326633453369e-01
3.058588877320289612e-02,1.427341438829898834e-02,4.700000286102294922e-01
3.255553171038627625e-02,1.424304582178592682e-02,4.690000116825103760e-01
-4.253390803933143616e-02,1.790901459753513336e-02,5.160000324249267578e-01
-4.029528051614761353e-02,1.790901459753513336e-02,5.160000324249267578e-01
-3.805665671825408936e-02,1.790901459753513336e-02,5.160000324249267578e-01
-3.567919507622718811e-02,1.783959753811359406e-02,5.139999985694885254e-01
-3.344924747943878174e-02,1.783959753811359406e-02,5.139999985694885254e-01
-3.128003701567649841e-02,1.787430793046951294e-02,5.150000452995300293e-01
-2.910214848816394806e-02,1.790901459753513336e-02,5.160000324249267578e-01
-2.691558189690113068e-02,1.794372126460075378e-02,5.170000195503234863e-01
-2.472033910453319550e-02,1.797842793166637421e-02,5.180000066757202148e-01
-2.251642197370529175e-02,1.801313646137714386e-02,5.190000534057617188e-01
-2.034286968410015106e-02,1.808255165815353394e-02,5.210000276565551758e-01
-1.815196499228477478e-02,1.815196499228477478e-02,5.230000019073486328e-01
-1.597407646477222443e-02,1.825608685612678528e-02,5.260000228881835938e-01
6.416528951376676559e-03,1.711074449121952057e-02,4.930000305175781250e-01
8.485957048833370209e-03,1.697191409766674042e-02,4.890000224113464355e-01
1.054237037897109985e-02,1.686779223382472992e-02,4.860000312328338623e-01
1.259878277778625488e-02,1.679837703704833984e-02,4.840000271797180176e-01
1.463784184306859970e-02,1.672896184027194977e-02,4.820000231266021729e-01
1.665954850614070892e-02,1.665954850614070892e-02,4.800000190734863281e-01
1.870294660329818726e-02,1.662483997642993927e-02,4.790000319480895996e-01
2.069428190588951111e-02,1.655542664229869843e-02,4.770000278949737549e-01
2.271598763763904572e-02,1.652071811258792877e-02,4.760000109672546387e-01
2.467695623636245728e-02,1.645130477845668793e-02,4.740000367164611816e-01
2.667696774005889893e-02,1.641659624874591827e-02,4.730000197887420654e-01
2.866830490529537201e-02,1.638188958168029785e-02,4.720000326633453369e-01
3.065096400678157806e-02,1.634718105196952820e-02,4.710000157356262207e-01
3.262494876980781555e-02,1.631247438490390778e-02,4.700000286102294922e-01
-4.052955657243728638e-02,2.026477828621864319e-02,5.190000534057617188e-01
-3.827791661024093628e-02,2.026477828621864319e-02,5.190000534057617188e-01
-3.609568625688552856e-02,2.030382491648197174e-02,5.200000405311584473e-01
-3.377463296055793762e-02,2.026477828621864319e-02,5.190000534057617188e-01
-3.152298927307128906e-02,2.026477828621864319e-02,5.190000534057617188e-01
-2.938414551317691803e-02,2.034286968410015106e-02,5.210000276565551758e-01
-2.717588655650615692e-02,2.038191445171833038e-02,5.220000147819519043e-01
-2.500667609274387360e-02,2.046000771224498749e-02,5.240000486373901367e-01
-2.282010950148105621e-02,2.053809911012649536e-02,5.260000228881835938e-01
-2.065523713827133179e-02,2.065523713827133179e-02,5.290000438690185547e-01
-1.863786764442920685e-02,2.096760086715221405e-02,5.370000004768371582e-01
0.000000000000000000e+00,1.940576918423175812e-02,4.970000088214874268e-01
2.138843061402440071e-03,1.924958638846874237e-02,4.930000305175781250e-01
4.260332323610782623e-03,1.917149499058723450e-02,4.910000264644622803e-01
6.351452786475419998e-03,1.905435882508754730e-02,4.880000352859497070e-01
8.433896116912364960e-03,1.897626556456089020e-02,4.860000312328338623e-01
1.052067801356315613e-02,1.893722079694271088e-02,4.850000143051147461e-01
1.257275231182575226e-02,1.885912753641605377e-02,4.830000102519989014e-01
1.460747327655553818e-02,1.878103800117969513e-02,4.810000360012054443e-01
1.665954850614070892e-02,1.874199137091636658e-02,4.800000190734863281e-01
1.866389997303485870e-02,1.866389997303485870e-02,4.780000150203704834e-01
2.069428190588951111e-02,1.862485334277153015e-02,4.770000278949737549e-01
2.271598763763904572e-02,1.858580671250820160e-02,4.760000109672546387e-01
2.472901716828346252e-02,1.854676194489002228e-02,4.750000238418579102e-01
2.673336863517761230e-02,1.850771717727184296e-02,4.740000367164611816e-01
2.872904203832149506e-02,1.846867054700851440e-02,4.730000197887420654e-01
3.071604110300540924e-02,1.842962577939033508e-02,4.720000326633453369e-01
3.269436210393905640e-02,1.839057914912700653e-02,4.710000157356262207e-01
-3.637334704399108887e-02,2.273334190249443054e-02,5.240000486373901367e-01
-3.423016518354415894e-02,2.282010950148105621e-02,5.260000228881835938e-01
-3.194815292954444885e-02,2.282010950148105621e-02,5.260000228881835938e-01
-2.972254157066345215e-02,2.286349423229694366e-02,5.270000100135803223e-01
-2.754031680524349213e-02,2.295026369392871857e-02,5.290000438690185547e-01
-6.533666513860225677e-03,2.177888900041580200e-02,5.020000338554382324e-01
-4.312393255531787872e-03,2.156196534633636475e-02,4.970000088214874268e-01
-2.147519960999488831e-03,2.147519960999488831e-02,4.950000345706939697e-01
0.000000000000000000e+00,2.134504541754722595e-02,4.920000135898590088e-01
2.130166161805391312e-03,2.130166068673133850e-02,4.910000264644622803e-01
4.242978524416685104e-03,2.121489308774471283e-02,4.890000224113464355e-01
6.338437087833881378e-03,2.112812362611293793e-02,4.870000183582305908e-01
8.416541852056980133e-03,2.104135602712631226e-02,4.850000143051147461e-01
1.049898564815521240e-02,2.099797129631042480e-02,4.840000271797180176e-01
1.257275231182575226e-02,2.095458656549453735e-02,4.830000102519989014e-01
1.460747327655553818e-02,2.086781896650791168e-02,4.810000360012054443e-01
1.665954850614070892e-02,2.082443423569202423e-02,4.800000190734863281e-01
1.870294660329818726e-02,2.078105136752128601e-02,4.790000319480895996e-01
2.073766663670539856e-02,2.073766663670539856e-02,4.780000150203704834e-01
2.276371046900749207e-02,2.069428190588951111e-02,4.770000278949737549e-01
2.478107623755931854e-02,2.065089717507362366e-02,4.760000109672546387e-01
2.678976766765117645e-02,2.060751430690288544e-02,4.750000238418579102e-01
2.878978103399276733e-02,2.056412957608699799e-02,4.740000367164611816e-01
3.084619529545307159e-02,2.056412957608699799e-02,4.740000367164611816e-01
3.290260955691337585e-02,2.056412957608699799e-02,4.740000367164611816e-01
-1.317145582288503647e-02,2.414766885340213776e-02,5.060000419616699219e-01
-1.088944450020790100e-02,2.395677752792835236e-02,5.020000338554382324e-01
-8.659494109451770782e-03,2.381360903382301331e-02,4.990000128746032715e-01
-6.468589883297681808e-03,2.371816337108612061e-02,4.970000088214874268e-01
-4.295039921998977661e-03,2.362271957099437714e-02,4.950000345706939697e-01
-2.138843061402440071e-03,2.352727390825748444e-02,4.930000305175781250e-01
0.000000000000000000e+00,2.343182824552059174e-02,4.910000264644622803e-01
2.125827595591545105e-03,2.338410355150699615e-02,4.900000095367431641e-01
4.234301857650279999e-03,2.328865975141525269e-02,4.880000352859497070e-01
6.338437087833881378e-03,2.324093692004680634e-02,4.870000183582305908e-01
8.416541852056980133e-03,2.314549125730991364e-02,4.850000143051147461e-01
1.049898564815521240e-02,2.309776842594146729e-02,4.840000271797180176e-01
1.257275231182575226e-02,2.305004559457302094e-02,4.830000102519989014e-01
1.463784184306859970e-02,2.300232276320457458e-02,4.820000231266021729e-01
1.669425517320632935e-02,2.295460179448127747e-02,4.810000360012054443e-01
1.874199137091636658e-02,2.290687896311283112e-02,4.800000190734863281e-01
2.078105136752128601e-02,2.285915613174438477e-02,4.790000319480895996e-01
2.281143330037593842e-02,2.281143330037593842e-02,4.780000150203704834e-01
2.488519996404647827e-02,2.281143330037593842e-02,4.780000150203704834e-01
2.695896662771701813e-02,2.281143330037593842e-02,4.780000150203704834e-01
2.909347042441368103e-02,2.285915613174438477e-02,4.790000319480895996e-01
-1.995241269469261169e-02,2.660321630537509918e-02,5.110000371932983398e-01
-1.756194047629833221e-02,2.634291164577007294e-02,5.060000419616699219e-01
-1.530595868825912476e-02,2.623878605663776398e-02,5.040000081062316895e-01
-1.304130256175994873e-02,2.608260512351989746e-02,5.010000467300415039e-01
-1.082436740398406982e-02,2.597848139703273773e-02,4.990000128746032715e-01
-8.642140775918960571e-03,2.592642046511173248e-02,4.980000257492065430e-01
-6.455574650317430496e-03,2.582229860126972198e-02,4.960000216960906982e-01
-4.286362789571285248e-03,2.571817673742771149e-02,4.940000176429748535e-01
-2.138843061402440071e-03,2.566611580550670624e-02,4.930000305175781250e-01
0.000000000000000000e+00,2.556199394166469574e-02,4.910000264644622803e-01
2.125827595591545105e-03,2.550993114709854126e-02,4.900000095367431641e-01
4.234301857650279999e-03,2.540581114590167999e-02,4.880000352859497070e-01
6.338437087833881378e-03,2.535374835133552551e-02,4.870000183582305908e-01
8.433896116912364960e-03,2.530168928205966949e-02,4.860000312328338623e-01
1.052067801356315613e-02,2.524962648749351501e-02,4.850000143051147461e-01
1.259878277778625488e-02,2.519756555557250977e-02,4.840000271797180176e-01
1.466821040958166122e-02,2.514550462365150452e-02,4.830000102519989014e-01
1.676367036998271942e-02,2.514550462365150452e-02,4.830000102519989014e-01
1.882008276879787445e-02,2.509344369173049927e-02,4.820000231266021729e-01
2.091120369732379913e-02,2.509344369173049927e-02,4.820000231266021729e-01
2.309776842594146729e-02,2.519756555557250977e-02,4.840000271797180176e-01
-2.686352096498012543e-02,2.910214848816394806e-02,5.160000324249267578e-01
-2.438628114759922028e-02,2.882015146315097809e-02,5.110000371932983398e-01
-2.203919366002082825e-02,2.865095064043998718e-02,5.080000162124633789e-01
-1.975718326866626740e-02,2.853815257549285889e-02,5.060000419616699219e-01
-1.749252527952194214e-02,2.842535264790058136e-02,5.040000081062316895e-01
-1.524522155523300171e-02,2.831255458295345306e-02,5.020000338554382324e-01
-1.301527116447687149e-02,2.819975465536117554e-02,5.000000000000000000e-01
-1.080267596989870071e-02,2.808695659041404724e-02,4.980000257492065430e-01
-8.624786511063575745e-03,2.803055569529533386e-02,4.970000088214874268e-01
-6.442559417337179184e-03,2.791775763034820557e-02,4.950000345706939697e-01
-4.286362789571285248e-03,2.786135859787464142e-02,4.940000176429748535e-01
-2.138843061402440071e-03,2.780495956540107727e-02,4.930000305175781250e-01
0.000000000000000000e+00,2.774855867028236389e-02,4.920000135898590088e-01
2.125827595591545105e-03,2.763575874269008636e-02,4.900000095367431641e-01
4.242978524416685104e-03,2.757936157286167145e-02,4.890000224113464355e-01
6.364468019455671310e-03,2.757936157286167145e-02,4.890000224113464355e-01
8.468603715300559998e-03,2.752296254038810730e-02,4.880000352859497070e-01
1.056406181305646896e-02,2.746656164526939392e-02,4.870000183582305908e-01
1.267687417566776276e-02,2.746656164526939392e-02,4.870000183582305908e-01
1.478968653827905655e-02,2.746656164526939392e-02,4.870000183582305908e-01
-3.134077414870262146e-02,3.134077414870262146e-02,5.160000324249267578e-01
-2.893294766545295715e-02,3.115855902433395386e-02,5.130000114440917969e-01
-2.660321630537509918e-02,3.103708475828170776e-02,5.110000371932983398e-01
-2.429083362221717834e-02,3.091560676693916321e-02,5.090000033378601074e-01
-2.199580892920494080e-02,3.079413250088691711e-02,5.070000290870666504e-01
-1.971813477575778961e-02,3.067265450954437256e-02,5.049999952316284180e-01
-1.745781861245632172e-02,3.055118024349212646e-02,5.030000209808349609e-01
-1.521485298871994019e-02,3.042970597743988037e-02,5.010000467300415039e-01
-1.301527116447687149e-02,3.036896511912345886e-02,5.000000000000000000e-01
-1.080267596989870071e-02,3.024749085307121277e-02,4.980000257492065430e-01
-8.624786511063575745e-03,3.018675185739994049e-02,4.970000088214874268e-01
-6.455574650317430496e-03,3.012601472437381744e-02,4.960000216960906982e-01
-4.295039921998977661e-03,3.006527759134769440e-02,4.950000345706939697e-01
-2.143181394785642624e-03,3.000453859567642212e-02,4.940000176429748535e-01
0.000000000000000000e+00,2.994380146265029907e-02,4.930000305175781250e-01
2.134504495188593864e-03,2.988306246697902679e-02,4.920000135898590088e-01
4.260332323610782623e-03,2.982232533395290375e-02,4.910000264644622803e-01
6.390498485416173935e-03,2.982232533395290375e-02,4.910000264644622803e-01
8.520664647221565247e-03,2.982232533395290375e-02,4.910000264644622803e-01
-3.351432457566261292e-02,3.351432457566261292e-02,5.150000452995300293e-01
-3.115855902433395386e-02,3.338417038321495056e-02,5.130000114440917969e-01
-2.882015146315097809e-02,3.325401991605758667e-02,5.110000371932983398e-01
-2.649909257888793945e-02,3.312386572360992432e-02,5.090000033378601074e-01
-2.424311265349388123e-02,3.305878862738609314e-02,5.080000162124633789e-01
-2.195242606103420258e-02,3.292863816022872925e-02,5.060000419616699219e-01
-1.971813477575778961e-02,3.286356106400489807e-02,5.049999952316284180e-01
-1.745781861245632172e-02,3.273340687155723572e-02,5.030000209808349609e-01
-1.524522155523300171e-02,3.266833350062370300e-02,5.020000338554382324e-01
-1.304130256175994873e-02,3.260325640439987183e-02,5.010000467300415039e-01
-1.082436740398406982e-02,3.247310221195220947e-02,4.990000128746032715e-01
-8.642140775918960571e-03,3.240802511572837830e-02,4.980000257492065430e-01
-6.468589883297681808e-03,3.234294801950454712e-02,4.970000088214874268e-01
-4.312393255531787872e-03,3.234294801950454712e-02,4.970000088214874268e-01
-2.151858294382691383e-03,3.227787464857101440e-02,4.960000216960906982e-01
0.000000000000000000e+00,3.227787464857101440e-02,4.960000216960906982e-01
2.151858294382691383e-03,3.227787464857101440e-02,4.960000216960906982e-01
-3.109782189130783081e-02,3.554036840796470642e-02,5.120000243186950684e-01
-2.882015146315097809e-02,3.547095507383346558e-02,5.110000371932983398e-01
-2.649909257888793945e-02,3.533212468028068542e-02,5.090000033378601074e-01
-2.424311265349388123e-02,3.526270762085914612e-02,5.080000162124633789e-01
-2.195242606103420258e-02,3.512388095259666443e-02,5.060000419616699219e-01
-1.971813477575778961e-02,3.505446389317512512e-02,5.049999952316284180e-01
-1.749252527952194214e-02,3.498505055904388428e-02,5.040000081062316895e-01
-1.527559012174606323e-02,3.491563722491264343e-02,5.030000209808349609e-01
-1.306733302772045135e-02,3.484622016549110413e-02,5.020000338554382324e-01
-1.086775213479995728e-02,3.477680683135986328e-02,5.010000467300415039e-01
-8.694201707839965820e-03,3.477680683135986328e-02,5.010000467300415039e-01
-6.520651280879974365e-03,3.477680683135986328e-02,5.010000467300415039e-01
-4.347100853919982910e-03,3.477680683135986328e-02,5.010000467300415039e-01
-3.109782189130783081e-02,3.776164352893829346e-02,5.120000243186950684e-01
-2.882015146315097809e-02,3.768789023160934448e-02,5.110000371932983398e-01
-2.655115537345409393e-02,3.761413693428039551e-02,5.100000500679016113e-01
-2.429083362221717834e-02,3.754037991166114807e-02,5.090000033378601074e-01
-2.203919366002082825e-02,3.746662661433219910e-02,5.080000162124633789e-01
-1.979622803628444672e-02,3.739287704229354858e-02,5.070000290870666504e-01
-1.756194047629833221e-02,3.731912374496459961e-02,5.060000419616699219e-01
-1.533632725477218628e-02,3.724536672234535217e-02,5.049999952316284180e-01
-1.314542349427938461e-02,3.724536672234535217e-02,5.049999952316284180e-01
-1.099790446460247040e-02,3.739287704229354858e-02,5.070000290870666504e-01
-2.665527723729610443e-02,3.998291492462158203e-02,5.120000243186950684e-01
-2.438628114759922028e-02,3.990482538938522339e-02,5.110000371932983398e-01
-2.212596312165260315e-02,3.982673212885856628e-02,5.100000500679016113e-01
-1.991336606442928314e-02,3.982673212885856628e-02,5.100000500679016113e-01
-1.780489087104797363e-02,4.006100445985794067e-02,5.130000114440917969e-01
